35
20
m 0 19
0 34 0
1 0 0
2 34 19
w 0 9
w 0 10
w 1 1
w 1 2
w 1 4
w 1 5
w 1 6
w 1 7
w 1 9
w 1 10
w 1 12
w 1 13
w 1 14
w 1 16
w 1 17
w 1 18
w 2 1
w 2 2
w 2 4
w 2 5
w 2 6
w 2 7
w 2 9
w 2 10
w 2 18
w 3 1
w 3 2
w 3 4
w 3 5
w 3 12
w 3 14
w 3 16
w 3 18
w 4 1
w 4 2
w 4 4
w 4 5
w 4 7
w 4 9
w 4 10
w 4 12
w 4 14
w 4 16
w 4 18
w 5 1
w 5 2
w 5 7
w 5 9
w 5 10
w 5 12
w 5 14
w 5 16
w 5 18
w 6 1
w 6 2
w 6 4
w 6 5
w 6 7
w 6 12
w 6 14
w 6 16
w 6 18
w 7 4
w 7 5
w 7 7
w 7 8
w 7 10
w 7 12
w 7 14
w 7 16
w 8 1
w 8 2
w 8 4
w 8 5
w 8 7
w 8 8
w 8 10
w 8 12
w 8 16
w 8 18
w 9 1
w 9 8
w 9 10
w 9 12
w 9 14
w 9 16
w 9 18
w 10 1
w 10 3
w 10 4
w 10 6
w 10 8
w 10 10
w 10 12
w 10 14
w 10 16
w 10 18
w 11 1
w 11 3
w 11 4
w 11 6
w 11 14
w 11 16
w 11 18
w 12 1
w 12 3
w 12 4
w 12 6
w 12 8
w 12 9
w 12 10
w 12 11
w 12 12
w 12 14
w 12 18
w 13 1
w 13 6
w 13 14
w 13 16
w 13 18
w 14 1
w 14 3
w 14 5
w 14 6
w 14 8
w 14 10
w 14 12
w 14 14
w 14 16
w 14 18
w 15 1
w 15 3
w 15 5
w 15 6
w 15 8
w 15 10
w 15 12
w 15 14
w 15 16
w 15 18
w 16 3
w 16 5
w 16 6
w 16 8
w 16 10
w 16 12
w 17 0
w 17 1
w 17 2
w 17 3
w 17 8
w 17 12
w 17 13
w 17 15
w 17 16
w 17 18
w 17 19
w 18 3
w 18 5
w 18 6
w 18 8
w 18 10
w 18 12
w 19 1
w 19 3
w 19 5
w 19 6
w 19 8
w 19 10
w 19 12
w 19 14
w 19 16
w 19 18
w 20 1
w 20 3
w 20 5
w 20 6
w 20 8
w 20 10
w 20 12
w 20 14
w 20 16
w 20 18
w 21 1
w 21 6
w 21 14
w 21 16
w 21 18
w 22 1
w 22 3
w 22 4
w 22 6
w 22 8
w 22 9
w 22 10
w 22 11
w 22 12
w 22 14
w 22 18
w 23 1
w 23 3
w 23 4
w 23 6
w 23 14
w 23 16
w 23 18
w 24 1
w 24 3
w 24 4
w 24 6
w 24 8
w 24 10
w 24 12
w 24 14
w 24 16
w 24 18
w 25 1
w 25 8
w 25 10
w 25 12
w 25 14
w 25 16
w 25 18
w 26 1
w 26 2
w 26 4
w 26 5
w 26 7
w 26 8
w 26 10
w 26 12
w 26 16
w 26 18
w 27 4
w 27 5
w 27 7
w 27 8
w 27 10
w 27 12
w 27 14
w 27 16
w 28 1
w 28 2
w 28 4
w 28 5
w 28 7
w 28 12
w 28 14
w 28 16
w 28 18
w 29 1
w 29 2
w 29 7
w 29 9
w 29 10
w 29 12
w 29 14
w 29 16
w 29 18
w 30 1
w 30 2
w 30 4
w 30 5
w 30 7
w 30 9
w 30 10
w 30 12
w 30 14
w 30 16
w 30 18
w 31 1
w 31 2
w 31 4
w 31 5
w 31 12
w 31 14
w 31 16
w 31 18
w 32 1
w 32 2
w 32 4
w 32 5
w 32 6
w 32 7
w 32 9
w 32 10
w 32 18
w 33 1
w 33 2
w 33 4
w 33 5
w 33 6
w 33 7
w 33 9
w 33 10
w 33 12
w 33 13
w 33 14
w 33 16
w 33 17
w 33 18
w 34 9
w 34 10
p 7 17
p 22 17
p 30 0
p 14 13
p 5 19
p 13 8
p 29 4
p 13 17
p 21 0
p 21 9
p 27 6
p 3 6
p 19 2
p 3 15
p 19 11
p 11 7
p 1 8
p 34 5
p 34 14
p 17 7
p 9 3
p 0 0
p 15 0
p 32 16
p 33 15
p 15 9
p 6 6
p 25 11
p 16 17
p 32 19
p 31 8
p 22 5
p 31 17
p 23 13
p 30 6
p 14 19
p 13 5
p 29 13
p 3 3
p 20 19
p 12 15
p 28 11
p 4 11
p 27 15
p 10 17
p 18 0
p 26 13
p 2 13
p 18 9
p 18 18
p 34 2
p 34 11
p 17 4
p 9 0
p 9 9
p 33 3
p 24 0
p 32 13
p 8 13
p 24 9
p 7 2
p 0 18
p 25 17
p 16 14
p 7 11
p 22 2
p 6 15
p 23 10
p 14 7
p 5 4
p 23 19
p 5 13
p 13 2
p 30 15
p 13 11
p 20 7
p 3 0
p 29 19
p 21 15
p 3 9
p 4 8
p 27 3
p 4 17
p 10 5
p 19 17
p 1 11
p 11 13
p 2 19
p 33 0
p 0 6
p 25 5
p 8 19
p 16 2
p 0 15
p 6 3
p 15 15
p 31 11
p 23 7
p 14 4
p 30 3
p 20 4
p 21 3
p 12 0
p 20 13
p 21 12
p 27 0
p 27 9
p 28 8
p 10 2
p 27 18
p 28 17
p 10 11
p 11 10
p 11 19
p 2 16
p 26 19
p 18 15
p 34 8
p 34 17
p 17 10
p 9 6
p 0 3
p 25 2
p 9 15
p 0 12
p 6 0
p 24 15
p 6 9
p 16 11
t 1750 0
m 0 18
0 34 1
1 0 1
2 34 18
t 1749 0.7751937984496124
m 0 19
0 34 2
1 0 0
2 34 19
t 1748 0.7751937984496124
m 0 18
0 34 1
1 0 1
2 34 18
t 1747 0.7751937984496124
m 0 19
0 34 0
1 0 0
2 34 17
t 1746 0.7751937984496124
m 1 19
0 34 1
1 0 1
2 34 16
t 1745 0.7751937984496124
m 0 19
0 34 2
1 0 2
2 34 15
t 1744 0.7751937984496124
m 0 19
0 34 3
1 0 3
2 34 16
t 1743 0.7751937984496124
m 1 19
0 34 4
1 0 2
2 34 17
t 1742 0.7751937984496124
m 1 19
0 34 3
1 0 1
2 34 18
t 1741 0.7751937984496124
m 1 19
0 34 4
1 0 0
2 34 19
t 1740 0.7751937984496124
m 2 19
0 34 3
1 0 1
2 34 18
t 1739 1.550387596899225
m 2 19
0 33 3
1 0 0
2 34 17
t 1738 1.550387596899225
m 2 19
0 34 3
1 1 0
2 34 18
t 1737 1.550387596899225
m 1 19
0 34 4
1 2 0
2 34 17
t 1736 1.550387596899225
m 1 19
0 34 3
1 3 0
2 34 16
t 1735 1.550387596899225
m 0 19
0 34 2
1 4 0
2 34 15
t 1734 1.550387596899225
m 1 19
0 34 3
1 3 0
2 33 15
t 1733 1.550387596899225
m 1 19
0 33 3
1 2 0
2 32 15
t 1732 1.550387596899225
m 2 19
0 32 3
1 1 0
2 32 14
t 1731 1.550387596899225
m 2 19
0 31 3
1 0 0
2 32 15
t 1730 1.550387596899225
m 2 19
0 30 3
1 0 1
2 33 15
t 1729 1.550387596899225
m 3 19
0 31 3
1 0 0
2 34 15
t 1728 1.550387596899225
m 3 19
0 32 3
1 1 0
2 33 15
t 1727 1.550387596899225
m 3 19
0 31 3
1 2 0
2 34 15
t 1726 1.550387596899225
m 4 19
0 32 3
1 1 0
2 33 15
t 1725 1.550387596899225
m 5 19
0 31 3
1 0 0
2 34 15
t 1724 2.3255813953488373
m 6 19
0 30 3
1 1 0
2 34 14
t 1723 2.3255813953488373
m 5 19
0 31 3
1 0 0
2 34 13
t 1722 2.3255813953488373
m 6 19
0 30 3
1 1 0
2 34 14
t 1721 2.3255813953488373
m 6 19
0 31 3
1 0 0
2 34 13
t 1720 2.3255813953488373
m 7 19
0 30 3
1 1 0
2 34 14
t 1719 2.3255813953488373
m 8 19
0 31 3
1 0 0
2 34 15
t 1718 3.10077519379845
m 9 19
0 30 3
1 0 1
2 34 14
t 1717 3.10077519379845
m 9 19
0 31 3
1 0 2
2 34 13
t 1716 3.10077519379845
m 8 19
0 32 3
1 0 1
2 34 12
t 1715 3.10077519379845
m 8 19
0 33 3
1 0 0
2 34 13
t 1714 3.10077519379845
m 7 19
0 34 3
1 0 1
2 34 12
t 1713 3.10077519379845
m 8 19
0 33 3
1 0 0
2 34 13
t 1712 3.10077519379845
m 8 19
0 34 3
1 0 1
2 34 14
t 1711 3.10077519379845
m 9 19
0 34 4
1 0 2
2 34 13
t 1710 3.10077519379845
m 9 19
0 34 5
1 0 1
2 34 14
t 1709 3.10077519379845
m 9 19
0 34 4
1 0 2
2 34 15
t 1708 3.10077519379845
m 9 19
0 34 3
1 0 1
2 33 15
t 1707 3.10077519379845
m 9 19
0 34 4
1 0 2
2 32 15
t 1706 3.10077519379845
m 9 19
0 34 5
1 0 3
2 33 15
t 1705 3.10077519379845
m 8 19
0 34 6
1 0 2
2 32 15
t 1704 3.10077519379845
m 9 19
0 34 5
1 0 1
2 33 15
t 1703 3.10077519379845
m 8 19
0 34 4
1 0 0
2 32 15
t 1702 3.10077519379845
m 9 19
0 34 3
1 0 1
2 33 15
t 1701 3.10077519379845
m 8 19
0 33 3
1 0 0
2 34 15
t 1700 3.10077519379845
m 8 19
0 34 3
1 1 0
2 33 15
t 1699 3.10077519379845
m 9 19
0 34 2
1 0 0
2 34 15
t 1698 3.10077519379845
m 10 19
0 34 3
1 1 0
2 34 14
t 1697 3.10077519379845
m 9 19
0 33 3
1 2 0
2 34 15
t 1696 3.10077519379845
m 8 19
0 34 3
1 1 0
2 34 16
t 1695 3.10077519379845
m 8 19
0 34 4
1 0 0
2 34 17
t 1694 3.10077519379845
m 9 19
0 34 5
1 0 1
2 34 18
t 1693 3.10077519379845
m 9 19
0 34 6
1 0 2
2 34 17
t 1692 3.10077519379845
m 8 19
0 34 7
1 0 1
2 34 18
t 1691 3.10077519379845
m 7 19
0 34 8
1 0 0
2 34 19
t 1690 3.10077519379845
m 7 19
0 34 7
1 0 1
2 34 18
t 1689 3.10077519379845
m 7 18
0 34 8
1 0 2
2 34 19
t 1688 3.10077519379845
m 7 17
0 34 7
1 0 1
2 34 18
t 1687 3.875968992248062
m 8 17
0 34 6
1 0 0
2 34 17
t 1686 3.875968992248062
m 7 17
0 34 5
1 1 0
2 34 16
t 1685 3.875968992248062
m 7 17
0 34 6
1 0 0
2 34 17
t 1684 3.875968992248062
m 6 17
0 34 5
1 0 1
2 34 16
t 1683 3.875968992248062
m 5 17
0 34 4
1 0 0
2 34 15
t 1682 3.875968992248062
m 5 17
0 34 3
1 0 1
2 33 15
t 1681 3.875968992248062
m 6 17
0 34 4
1 0 0
2 32 15
t 1680 3.875968992248062
m 6 17
0 34 5
1 1 0
2 31 15
t 1679 3.875968992248062
m 7 17
0 34 4
1 2 0
2 32 15
t 1678 3.875968992248062
m 8 17
0 34 3
1 3 0
2 32 16
t 1677 3.875968992248062
m 9 17
0 34 4
1 4 0
2 32 17
f 34 19
t 1676 3.875968992248062
m 8 17
0 34 5
1 3 0
2 31 17
t 1675 3.875968992248062
m 8 17
0 34 6
1 2 0
2 32 17
t 1674 3.875968992248062
m 7 17
0 34 5
1 3 0
2 31 17
t 1673 3.875968992248062
m 8 17
0 34 4
1 4 0
2 32 17
t 1672 3.875968992248062
m 8 17
0 34 5
1 3 0
2 31 17
t 1671 3.875968992248062
m 8 17
0 34 6
1 2 0
2 30 17
t 1670 3.875968992248062
m 8 17
0 34 7
1 3 0
2 31 17
t 1669 3.875968992248062
m 9 17
0 34 6
1 2 0
2 30 17
t 1668 3.875968992248062
m 9 17
0 34 5
1 1 0
2 31 17
t 1667 3.875968992248062
m 9 17
0 34 4
1 0 0
2 32 17
t 1666 3.875968992248062
m 9 17
0 34 3
1 0 1
2 32 16
t 1665 3.875968992248062
m 9 17
0 33 3
1 0 2
2 32 15
t 1664 3.875968992248062
m 9 17
0 34 3
1 0 1
2 31 15
t 1663 3.875968992248062
m 9 17
0 34 4
1 0 2
2 32 15
t 1662 3.875968992248062
m 8 17
0 34 3
1 0 1
2 33 15
t 1661 3.875968992248062
m 9 17
0 33 3
1 0 0
2 32 15
t 1660 3.875968992248062
m 8 17
0 32 3
1 0 1
2 33 15
t 1659 3.875968992248062
m 9 17
0 33 3
1 0 0
2 34 15
t 1658 3.875968992248062
m 8 17
0 34 3
1 1 0
2 33 15
t 1657 3.875968992248062
m 9 17
0 33 3
1 0 0
2 34 15
t 1656 3.875968992248062
m 8 17
0 32 3
1 1 0
2 34 16
t 1655 3.875968992248062
m 7 17
0 33 3
1 2 0
2 34 15
t 1654 3.875968992248062
m 7 18
0 34 3
1 3 0
2 34 16
t 1653 3.875968992248062
m 7 17
0 33 3
1 4 0
2 34 17
t 1652 3.875968992248062
m 7 18
0 32 3
1 5 0
2 34 16
t 1651 3.875968992248062
m 7 17
0 31 3
1 4 0
2 34 17
t 1650 3.875968992248062
m 6 17
0 32 3
1 3 0
2 34 16
t 1649 3.875968992248062
m 5 17
0 33 3
1 2 0
2 34 15
t 1648 3.875968992248062
m 4 17
0 32 3
1 3 0
2 33 15
t 1647 4.651162790697675
m 3 17
0 33 3
1 4 0
2 32 15
t 1646 4.651162790697675
m 2 17
0 34 3
1 3 0
2 32 16
t 1645 4.651162790697675
m 3 17
0 33 3
1 4 0
2 32 15
t 1644 4.651162790697675
m 3 17
0 32 3
1 3 0
2 32 14
t 1643 4.651162790697675
m 3 17
0 33 3
1 2 0
2 32 13
t 1642 4.651162790697675
m 3 17
0 32 3
1 3 0
2 32 12
t 1641 4.651162790697675
m 2 17
0 31 3
1 4 0
2 32 13
t 1640 4.651162790697675
m 3 17
0 30 3
1 5 0
2 32 14
t 1639 4.651162790697675
m 3 17
0 31 3
1 4 0
2 32 15
t 1638 4.651162790697675
m 4 17
0 30 3
1 3 0
2 32 14
t 1637 4.651162790697675
m 3 17
0 29 3
1 4 0
2 32 13
t 1636 4.651162790697675
m 3 17
0 30 3
1 5 0
2 32 14
t 1635 4.651162790697675
m 2 17
0 29 3
1 6 0
2 32 13
t 1634 4.651162790697675
m 2 16
0 30 3
1 7 0
2 32 14
t 1633 5.426356589147287
m 2 15
0 31 3
1 6 0
2 32 13
t 1632 5.426356589147287
m 2 14
0 30 3
1 7 0
2 31 13
t 1631 5.426356589147287
m 2 14
0 29 3
1 8 0
2 30 13
t 1630 5.426356589147287
m 2 15
0 28 3
1 7 0
2 29 13
t 1629 5.426356589147287
m 1 15
0 27 3
1 6 0
2 30 13
t 1628 5.426356589147287
m 1 15
0 28 3
1 5 0
2 31 13
t 1627 5.426356589147287
m 2 15
0 29 3
1 4 0
2 30 13
t 1626 5.426356589147287
m 2 14
0 29 4
1 3 0
2 29 13
t 1625 5.426356589147287
m 2 14
0 29 5
1 4 0
2 28 13
t 1624 5.426356589147287
m 2 14
0 29 4
1 3 0
2 27 13
t 1623 5.426356589147287
m 2 15
0 29 3
1 2 0
2 26 13
t 1622 5.426356589147287
m 3 15
0 29 4
1 1 0
2 27 13
t 1621 6.2015503875969
m 3 15
0 29 3
1 0 0
2 28 13
t 1620 6.2015503875969
m 4 15
0 29 4
1 0 1
2 29 13
t 1619 6.2015503875969
m 4 15
0 29 3
1 0 2
2 28 13
t 1618 6.2015503875969
m 3 15
0 29 4
1 0 3
2 27 13
t 1617 6.2015503875969
m 2 15
0 29 5
1 1 3
2 26 13
t 1616 6.2015503875969
m 3 15
0 29 6
1 0 3
2 26 14
t 1615 6.2015503875969
m 2 15
0 30 6
1 1 3
2 26 15
t 1614 6.2015503875969
m 1 15
0 31 6
1 0 3
2 26 14
t 1613 6.2015503875969
m 1 15
0 30 6
1 0 4
2 26 15
t 1612 6.2015503875969
m 0 15
0 29 6
1 0 5
2 26 14
t 1611 6.976744186046512
m 0 14
0 28 6
1 0 4
2 26 15
t 1610 6.976744186046512
m 0 15
0 27 6
1 0 5
2 26 14
t 1609 6.976744186046512
m 0 16
0 28 6
1 0 6
2 26 15
t 1608 6.976744186046512
m 0 16
0 27 6
1 0 5
2 27 15
t 1607 6.976744186046512
m 0 16
0 26 6
1 0 4
2 28 15
t 1606 6.976744186046512
m 0 17
0 27 6
1 0 3
2 29 15
t 1605 6.976744186046512
m 0 17
0 28 6
1 1 3
2 30 15
t 1604 6.976744186046512
m 0 17
0 27 6
1 2 3
2 29 15
t 1603 6.976744186046512
m 0 18
0 28 6
1 1 3
2 28 15
t 1602 6.976744186046512
m 0 17
0 27 6
1 0 3
2 27 15
t 1601 6.976744186046512
m 0 18
0 28 6
1 1 3
2 28 15
t 1600 6.976744186046512
m 0 19
0 27 6
1 0 3
2 27 15
t 1599 6.976744186046512
m 0 18
0 28 6
1 1 3
2 28 15
t 1598 6.976744186046512
m 0 19
0 27 6
1 2 3
2 29 15
t 1597 6.976744186046512
m 1 19
0 26 6
1 3 3
2 28 15
t 1596 6.976744186046512
m 1 19
0 25 6
1 2 3
2 27 15
t 1595 6.976744186046512
m 0 19
0 25 7
1 3 3
2 26 15
t 1594 6.976744186046512
m 1 19
0 25 6
1 2 3
2 26 14
t 1593 6.976744186046512
m 2 19
0 25 5
1 1 3
2 26 15
t 1592 6.976744186046512
m 2 19
0 25 4
1 2 3
2 26 14
t 1591 6.976744186046512
m 2 19
0 25 3
1 3 3
2 26 15
t 1590 6.976744186046512
m 3 19
0 26 3
1 2 3
2 27 15
t 1589 6.976744186046512
m 3 19
0 27 3
1 1 3
2 28 15
t 1588 6.976744186046512
m 3 19
0 26 3
1 0 3
2 27 15
t 1587 6.976744186046512
m 2 19
0 25 3
1 0 4
2 28 15
t 1586 6.976744186046512
m 2 19
0 25 4
1 0 3
2 29 15
t 1585 6.976744186046512
m 2 19
0 25 5
1 1 3
2 30 15
t 1584 6.976744186046512
m 3 19
0 25 4
1 2 3
2 29 15
t 1583 6.976744186046512
m 3 19
0 25 3
1 3 3
2 28 15
t 1582 6.976744186046512
m 3 19
0 25 2
1 2 3
2 29 15
t 1581 6.976744186046512
m 4 19
0 24 2
1 3 3
2 28 15
t 1580 6.976744186046512
m 5 19
0 23 2
1 4 3
2 27 15
t 1579 6.976744186046512
m 5 19
0 22 2
1 5 3
2 26 15
t 1578 6.976744186046512
m 6 19
0 21 2
1 6 3
2 26 14
t 1577 6.976744186046512
m 6 19
0 21 3
1 5 3
2 26 13
t 1576 6.976744186046512
m 7 19
0 21 2
1 6 3
2 26 14
t 1575 6.976744186046512
m 6 19
0 20 2
1 5 3
2 26 15
t 1574 6.976744186046512
m 7 19
0 21 2
1 5 4
2 26 14
t 1573 6.976744186046512
m 8 19
0 22 2
1 5 3
2 26 13
t 1572 6.976744186046512
m 8 19
0 21 2
1 6 3
2 25 13
t 1571 6.976744186046512
m 9 19
0 20 2
1 5 3
2 24 13
t 1570 6.976744186046512
m 10 19
0 19 2
1 5 4
2 23 13
t 1569 6.976744186046512
m 11 19
0 20 2
1 5 3
2 23 12
t 1568 7.751937984496124
m 10 19
0 19 2
1 6 3
2 23 11
t 1567 7.751937984496124
m 9 19
0 18 2
1 7 3
2 24 11
t 1566 7.751937984496124
m 10 19
0 19 2
1 8 3
2 25 11
t 1565 7.751937984496124
m 11 19
0 18 2
1 7 3
2 26 11
t 1564 7.751937984496124
m 12 19
0 19 2
1 8 3
2 27 11
t 1563 7.751937984496124
m 11 19
0 18 2
1 7 3
2 28 11
t 1562 7.751937984496124
m 10 19
0 18 1
1 8 3
2 29 11
t 1561 7.751937984496124
m 9 19
0 18 2
1 9 3
2 30 11
t 1560 7.751937984496124
m 9 19
0 18 1
1 9 2
2 31 11
t 1559 7.751937984496124
m 8 19
0 18 2
1 10 2
2 32 11
t 1558 7.751937984496124
m 7 19
0 19 2
1 11 2
2 32 12
t 1557 7.751937984496124
m 6 19
0 18 2
1 10 2
2 32 11
t 1556 7.751937984496124
m 7 19
0 18 1
1 9 2
2 33 11
t 1555 7.751937984496124
m 7 19
0 18 0
1 9 3
2 32 11
t 1554 7.751937984496124
m 7 18
0 19 0
1 8 3
2 33 11
t 1553 7.751937984496124
m 7 19
0 20 0
1 7 3
2 32 11
t 1552 7.751937984496124
m 8 19
0 19 0
1 6 3
2 31 11
t 1551 7.751937984496124
m 9 19
0 20 0
1 5 3
2 32 11
t 1550 7.751937984496124
m 10 19
0 21 0
1 4 3
2 32 12
t 1549 7.751937984496124
m 9 19
0 22 0
1 5 3
2 32 11
t 1548 7.751937984496124
m 9 19
0 21 0
1 6 3
2 32 12
t 1547 7.751937984496124
m 9 19
0 22 0
1 7 3
2 32 11
t 1546 7.751937984496124
m 9 19
0 23 0
1 8 3
2 33 11
t 1545 7.751937984496124
m 10 19
0 24 0
1 9 3
2 34 11
t 1544 7.751937984496124
m 9 19
0 23 0
1 8 3
2 33 11
t 1543 7.751937984496124
m 8 19
0 24 0
1 7 3
2 32 11
t 1542 7.751937984496124
m 9 19
0 23 0
1 6 3
2 32 12
t 1541 7.751937984496124
m 8 19
0 24 0
1 5 3
2 32 13
t 1540 7.751937984496124
m 9 19
0 25 0
1 6 3
2 31 13
t 1539 7.751937984496124
m 10 19
0 24 0
1 7 3
2 30 13
t 1538 7.751937984496124
m 11 19
0 23 0
1 7 2
2 29 13
t 1537 7.751937984496124
m 11 19
0 24 0
1 7 3
2 30 13
t 1536 7.751937984496124
m 10 19
0 25 0
1 8 3
2 29 13
t 1535 7.751937984496124
m 10 19
0 26 0
1 9 3
2 30 13
t 1534 7.751937984496124
m 9 19
0 27 0
1 8 3
2 29 13
t 1533 7.751937984496124
m 10 19
0 27 1
1 9 3
2 28 13
t 1532 7.751937984496124
m 11 19
0 27 2
1 9 2
2 27 13
t 1531 7.751937984496124
m 12 19
0 27 1
1 9 3
2 28 13
t 1530 7.751937984496124
m 12 19
0 27 2
1 9 4
2 27 13
t 1529 7.751937984496124
m 11 19
0 27 1
1 9 5
2 26 13
t 1528 7.751937984496124
m 10 19
0 27 2
1 10 5
2 27 13
t 1527 7.751937984496124
m 11 19
0 27 3
1 9 5
2 26 13
t 1526 7.751937984496124
m 12 19
0 26 3
1 10 5
2 27 13
t 1525 7.751937984496124
m 12 19
0 27 3
1 9 5
2 26 13
t 1524 7.751937984496124
m 11 19
0 27 2
1 10 5
2 26 14
t 1523 7.751937984496124
m 11 19
0 27 3
1 11 5
2 26 15
t 1522 7.751937984496124
m 11 19
0 28 3
1 12 5
2 26 14
t 1521 7.751937984496124
m 11 19
0 29 3
1 13 5
2 26 15
t 1520 7.751937984496124
m 10 19
0 30 3
1 12 5
2 27 15
t 1519 7.751937984496124
m 10 19
0 31 3
1 11 5
2 28 15
t 1518 7.751937984496124
m 10 19
0 30 3
1 10 5
2 27 15
t 1517 7.751937984496124
m 10 19
0 31 3
1 11 5
2 28 15
t 1516 7.751937984496124
m 11 19
0 32 3
1 10 5
2 29 15
t 1515 7.751937984496124
m 10 19
0 31 3
1 11 5
2 30 15
t 1514 7.751937984496124
m 9 19
0 30 3
1 12 5
2 31 15
t 1513 7.751937984496124
m 8 19
0 29 3
1 11 5
2 30 15
t 1512 7.751937984496124
m 7 19
0 30 3
1 10 5
2 31 15
t 1511 7.751937984496124
m 6 19
0 31 3
1 11 5
2 32 15
t 1510 7.751937984496124
m 7 19
0 30 3
1 12 5
2 32 16
t 1509 7.751937984496124
m 8 19
0 29 3
1 13 5
2 32 17
t 1508 7.751937984496124
m 7 19
0 29 4
1 12 5
2 32 16
t 1507 7.751937984496124
m 7 18
0 29 3
1 13 5
2 32 15
t 1506 7.751937984496124
m 7 19
0 30 3
1 12 5
2 33 15
t 1505 7.751937984496124
m 8 19
0 29 3
1 13 5
2 32 15
t 1504 7.751937984496124
m 9 19
0 29 4
1 13 4
2 32 14
t 1503 7.751937984496124
m 9 19
0 29 5
1 13 5
2 32 15
t 1502 7.751937984496124
m 8 19
0 29 4
1 13 4
2 31 15
t 1501 7.751937984496124
m 7 19
0 29 5
1 13 3
2 30 15
t 1500 7.751937984496124
m 6 19
0 29 6
1 13 2
2 31 15
t 1499 7.751937984496124
m 6 19
0 29 5
1 12 2
2 30 15
t 1498 7.751937984496124
m 5 19
0 29 6
1 11 2
2 29 15
t 1497 7.751937984496124
m 5 19
0 28 6
1 10 2
2 28 15
t 1496 7.751937984496124
m 4 19
0 29 6
1 11 2
2 27 15
t 1495 7.751937984496124
m 3 19
0 29 5
1 10 2
2 28 15
t 1494 7.751937984496124
m 4 19
0 29 6
1 9 2
2 29 15
t 1493 7.751937984496124
m 4 19
0 28 6
1 10 2
2 28 15
t 1492 7.751937984496124
m 5 19
0 29 6
1 11 2
2 29 15
t 1491 7.751937984496124
m 6 19
0 29 5
1 12 2
2 28 15
t 1490 7.751937984496124
m 6 19
0 29 4
1 13 2
2 27 15
t 1489 7.751937984496124
m 6 19
0 29 3
1 13 3
2 26 15
t 1488 7.751937984496124
m 7 19
0 28 3
1 13 4
2 26 14
t 1487 7.751937984496124
m 6 19
0 29 3
1 13 3
2 26 15
t 1486 7.751937984496124
m 5 19
0 30 3
1 13 2
2 27 15
t 1485 7.751937984496124
m 4 19
0 29 3
1 12 2
2 28 15
t 1484 7.751937984496124
m 4 19
0 28 3
1 13 2
2 27 15
t 1483 7.751937984496124
m 4 19
0 29 3
1 13 3
2 28 15
t 1482 7.751937984496124
m 5 19
0 29 4
1 13 2
2 27 15
t 1481 7.751937984496124
m 4 19
0 29 5
1 13 3
2 28 15
t 1480 7.751937984496124
m 5 19
0 29 4
1 13 2
2 27 15
t 1479 7.751937984496124
m 4 19
0 29 3
1 14 2
2 26 15
t 1478 7.751937984496124
m 3 19
0 28 3
1 15 2
2 25 15
t 1477 7.751937984496124
m 4 19
0 29 3
1 14 2
2 24 15
t 1476 7.751937984496124
m 4 19
0 28 3
1 13 2
2 25 15
t 1475 7.751937984496124
m 4 19
0 27 3
1 12 2
2 24 15
t 1474 7.751937984496124
m 4 19
0 26 3
1 13 2
2 25 15
t 1473 7.751937984496124
m 3 19
0 27 3
1 13 3
2 24 15
t 1472 7.751937984496124
m 4 19
0 26 3
1 13 4
2 25 15
t 1471 7.751937984496124
m 5 19
0 27 3
1 14 4
2 24 15
t 1470 7.751937984496124
m 5 19
0 27 2
1 15 4
2 25 15
t 1469 7.751937984496124
m 6 19
0 27 3
1 16 4
2 26 15
t 1468 7.751937984496124
m 5 19
0 26 3
1 17 4
2 25 15
t 1467 7.751937984496124
m 6 19
0 25 3
1 16 4
2 24 15
t 1466 7.751937984496124
m 6 19
0 25 2
1 15 4
2 23 15
t 1465 7.751937984496124
m 6 19
0 24 2
1 14 4
2 22 15
t 1464 7.751937984496124
m 6 19
0 25 2
1 15 4
2 21 15
t 1463 7.751937984496124
m 6 19
0 25 3
1 14 4
2 20 15
t 1462 7.751937984496124
m 7 19
0 25 4
1 13 4
2 21 15
t 1461 7.751937984496124
m 6 19
0 25 5
1 13 5
2 22 15
t 1460 7.751937984496124
m 7 19
0 25 4
1 13 4
2 21 15
t 1459 7.751937984496124
m 6 19
0 25 3
1 13 5
2 20 15
t 1458 7.751937984496124
m 5 19
0 25 2
1 13 4
2 19 15
t 1457 7.751937984496124
m 4 19
0 24 2
1 13 3
2 18 15
t 1456 7.751937984496124
m 4 19
0 23 2
1 13 4
2 18 14
t 1455 7.751937984496124
m 5 19
0 24 2
1 13 3
2 18 13
t 1454 7.751937984496124
m 6 19
0 25 2
1 13 4
2 19 13
t 1453 7.751937984496124
m 7 19
0 24 2
1 13 3
2 20 13
t 1452 7.751937984496124
m 8 19
0 23 2
1 13 2
2 19 13
t 1451 7.751937984496124
m 7 19
0 24 2
1 12 2
2 18 13
t 1450 7.751937984496124
m 7 18
0 23 2
1 11 2
2 18 14
t 1449 7.751937984496124
m 7 17
0 24 2
1 10 2
2 18 13
t 1448 7.751937984496124
m 6 17
0 23 2
1 9 2
2 19 13
t 1447 7.751937984496124
m 5 17
0 22 2
1 10 2
2 18 13
t 1446 7.751937984496124
m 5 17
0 21 2
1 11 2
2 19 13
t 1445 7.751937984496124
m 6 17
0 20 2
1 10 2
2 18 13
t 1444 7.751937984496124
m 7 17
0 21 2
1 11 2
2 19 13
t 1443 7.751937984496124
m 6 17
0 20 2
1 12 2
2 20 13
t 1442 7.751937984496124
m 5 17
0 19 2
1 11 2
2 21 13
t 1441 7.751937984496124
m 5 17
0 20 2
1 12 2
2 22 13
t 1440 7.751937984496124
m 6 17
0 21 2
1 11 2
2 21 13
t 1439 7.751937984496124
m 6 17
0 22 2
1 10 2
2 22 13
t 1438 7.751937984496124
m 5 17
0 21 2
1 9 2
2 23 13
t 1437 7.751937984496124
m 5 17
0 22 2
1 9 3
2 23 12
t 1436 7.751937984496124
m 4 17
0 23 2
1 8 3
2 23 13
t 1435 7.751937984496124
m 5 17
0 22 2
1 9 3
2 24 13
t 1434 7.751937984496124
m 5 17
0 21 2
1 9 2
2 23 13
t 1433 7.751937984496124
m 4 17
0 20 2
1 10 2
2 24 13
t 1432 7.751937984496124
m 4 17
0 19 2
1 11 2
2 23 13
t 1431 7.751937984496124
m 3 17
0 20 2
1 12 2
2 22 13
t 1430 7.751937984496124
m 3 17
0 19 2
1 11 2
2 23 13
t 1429 7.751937984496124
m 3 17
0 20 2
1 10 2
2 24 13
t 1428 7.751937984496124
m 4 17
0 21 2
1 9 2
2 23 13
t 1427 7.751937984496124
m 4 17
0 21 3
1 10 2
2 23 12
t 1426 7.751937984496124
m 4 17
0 21 4
1 11 2
2 23 13
t 1425 7.751937984496124
m 3 17
0 20 4
1 10 2
2 24 13
t 1424 7.751937984496124
m 3 17
0 21 4
1 11 2
2 25 13
t 1423 7.751937984496124
m 4 17
0 21 5
1 12 2
2 26 13
t 1422 7.751937984496124
m 5 17
0 21 4
1 13 2
2 26 14
t 1421 7.751937984496124
m 5 17
0 21 3
1 12 2
2 26 15
t 1420 7.751937984496124
m 4 17
0 21 2
1 11 2
2 27 15
t 1419 7.751937984496124
m 3 17
0 20 2
1 10 2
2 28 15
t 1418 7.751937984496124
m 3 17
0 19 2
1 11 2
2 29 15
t 1417 7.751937984496124
m 3 17
0 20 2
1 12 2
2 30 15
t 1416 7.751937984496124
m 3 17
0 21 2
1 11 2
2 31 15
t 1415 7.751937984496124
m 3 17
0 20 2
1 10 2
2 30 15
t 1414 7.751937984496124
m 2 17
0 19 2
1 9 2
2 31 15
t 1413 7.751937984496124
m 2 16
0 20 2
1 10 2
2 32 15
t 1412 7.751937984496124
m 2 16
0 21 2
1 11 2
2 32 14
t 1411 7.751937984496124
m 2 16
0 20 2
1 12 2
2 32 15
t 1410 7.751937984496124
m 2 16
0 19 2
1 13 2
2 32 16
t 1409 7.751937984496124
m 2 16
0 18 2
1 12 2
2 32 17
t 1408 7.751937984496124
m 2 17
0 19 2
1 11 2
2 31 17
t 1407 7.751937984496124
m 3 17
0 20 2
1 12 2
2 30 17
t 1406 7.751937984496124
m 3 17
0 21 2
1 11 2
2 31 17
t 1405 7.751937984496124
m 4 17
0 20 2
1 12 2
2 32 17
t 1404 7.751937984496124
m 3 17
0 21 2
1 13 2
2 32 16
t 1403 7.751937984496124
m 4 17
0 21 3
1 13 3
2 32 17
t 1402 7.751937984496124
m 4 17
0 21 2
1 13 4
2 31 17
t 1401 7.751937984496124
m 5 17
0 21 3
1 13 3
2 30 17
t 1400 7.751937984496124
m 6 17
0 21 4
1 13 2
2 31 17
t 1399 7.751937984496124
m 6 17
0 21 3
1 14 2
2 30 17
t 1398 7.751937984496124
m 7 17
0 21 4
1 15 2
2 31 17
t 1397 7.751937984496124
m 6 17
0 20 4
1 14 2
2 32 17
t 1396 7.751937984496124
m 7 17
0 19 4
1 15 2
2 32 16
t 1395 7.751937984496124
m 8 17
0 20 4
1 14 2
2 32 15
t 1394 7.751937984496124
m 9 17
0 21 4
1 15 2
2 32 16
t 1393 7.751937984496124
m 9 17
0 21 5
1 16 2
2 32 15
t 1392 7.751937984496124
m 10 17
0 22 5
1 16 1
2 32 16
t 1391 8.527131782945736
m 9 17
0 21 5
1 16 2
2 32 17
t 1390 8.527131782945736
m 8 17
0 22 5
1 15 2
2 32 16
t 1389 8.527131782945736
m 9 17
0 21 5
1 16 2
2 32 17
t 1388 8.527131782945736
m 10 17
0 22 5
1 15 2
2 31 17
t 1387 8.527131782945736
m 10 17
0 23 5
1 16 2
2 30 17
t 1386 8.527131782945736
m 11 17
0 24 5
1 16 1
2 31 17
t 1385 8.527131782945736
m 11 17
0 23 5
1 16 0
2 30 17
t 1384 8.527131782945736
m 12 17
0 24 5
1 16 1
2 29 17
t 1383 8.527131782945736
m 11 17
0 23 5
1 16 0
2 28 17
t 1382 8.527131782945736
m 11 17
0 24 5
1 15 0
2 29 17
t 1381 8.527131782945736
m 12 17
0 25 5
1 14 0
2 28 17
t 1380 8.527131782945736
m 13 17
0 25 4
1 15 0
2 27 17
t 1379 9.30232558139535
m 14 17
0 25 5
1 16 0
2 27 18
t 1378 9.30232558139535
m 14 17
0 24 5
1 15 0
2 27 17
t 1377 9.30232558139535
m 13 17
0 23 5
1 16 0
2 28 17
t 1376 9.30232558139535
m 14 17
0 22 5
1 16 1
2 29 17
t 1375 9.30232558139535
m 14 17
0 21 5
1 16 2
2 28 17
t 1374 9.30232558139535
m 14 17
0 21 4
1 15 2
2 29 17
t 1373 9.30232558139535
m 13 17
0 20 4
1 16 2
2 28 17
t 1372 9.30232558139535
m 14 17
0 21 4
1 15 2
2 29 17
t 1371 9.30232558139535
m 14 17
0 21 5
1 16 2
2 30 17
t 1370 9.30232558139535
m 13 17
0 22 5
1 16 1
2 31 17
t 1369 9.30232558139535
m 14 17
0 23 5
1 16 2
2 30 17
t 1368 9.30232558139535
m 14 17
0 22 5
1 16 1
2 29 17
t 1367 9.30232558139535
m 13 17
0 21 5
1 16 2
2 30 17
t 1366 9.30232558139535
m 14 17
0 21 4
1 15 2
2 29 17
t 1365 9.30232558139535
m 15 17
0 21 5
1 16 2
2 28 17
t 1364 9.30232558139535
m 16 17
0 21 4
1 15 2
2 27 17
t 1363 10.077519379844961
m 17 17
0 21 3
1 16 2
2 27 18
t 1362 10.077519379844961
m 18 17
0 21 2
1 16 1
2 27 17
t 1361 10.077519379844961
m 19 17
0 20 2
1 16 0
2 26 17
t 1360 10.852713178294573
m 20 17
0 21 2
1 15 0
2 27 17
t 1359 10.852713178294573
m 20 17
0 21 3
1 16 0
2 27 18
t 1358 10.852713178294573
m 19 17
0 21 4
1 15 0
2 27 17
t 1357 10.852713178294573
m 18 17
0 21 5
1 16 0
2 28 17
t 1356 10.852713178294573
m 19 17
0 21 4
1 16 1
2 27 17
t 1355 10.852713178294573
m 18 17
0 21 3
1 16 0
2 28 17
t 1354 10.852713178294573
m 18 16
0 21 4
1 16 1
2 29 17
t 1353 10.852713178294573
m 18 15
0 20 4
1 16 0
2 30 17
t 1352 11.627906976744185
m 18 14
0 21 4
1 16 1
2 31 17
t 1351 11.627906976744185
m 18 14
0 21 5
1 16 2
2 32 17
t 1350 11.627906976744185
m 18 14
0 21 4
1 15 2
2 31 17
t 1349 11.627906976744185
m 18 13
0 20 4
1 16 2
2 30 17
t 1348 11.627906976744185
m 18 14
0 21 4
1 15 2
2 29 17
t 1347 11.627906976744185
m 18 14
0 21 3
1 14 2
2 28 17
t 1346 11.627906976744185
m 18 14
0 21 2
1 13 2
2 27 17
t 1345 11.627906976744185
m 18 13
0 21 3
1 14 2
2 27 18
t 1344 11.627906976744185
m 18 13
0 21 2
1 15 2
2 27 17
t 1343 11.627906976744185
m 19 13
0 22 2
1 16 2
2 27 18
t 1342 11.627906976744185
m 20 13
0 21 2
1 15 2
2 27 17
t 1341 12.4031007751938
m 20 13
0 20 2
1 14 2
2 27 18
t 1340 12.4031007751938
m 21 13
0 21 2
1 15 2
2 27 19
t 1339 12.4031007751938
m 22 13
0 20 2
1 16 2
2 27 18
t 1338 12.4031007751938
m 22 13
0 19 2
1 15 2
2 27 19
t 1337 12.4031007751938
m 23 13
0 18 2
1 16 2
2 26 19
t 1336 13.178294573643411
m 24 13
0 19 2
1 16 1
2 27 19
t 1335 13.178294573643411
m 23 13
0 18 2
1 16 2
2 27 18
t 1334 13.178294573643411
m 24 13
0 19 2
1 16 1
2 27 17
t 1333 13.178294573643411
m 25 13
0 18 2
1 16 2
2 27 18
t 1332 13.178294573643411
m 24 13
0 19 2
1 15 2
2 27 17
t 1331 13.178294573643411
m 24 13
0 20 2
1 14 2
2 27 18
t 1330 13.178294573643411
m 24 13
0 21 2
1 13 2
2 27 17
t 1329 13.178294573643411
m 25 13
0 20 2
1 12 2
2 28 17
t 1328 13.178294573643411
m 24 13
0 19 2
1 11 2
2 27 17
t 1327 13.178294573643411
m 23 13
0 18 2
1 12 2
2 28 17
t 1326 13.178294573643411
m 23 13
0 19 2
1 11 2
2 29 17
t 1325 13.178294573643411
m 23 12
0 18 2
1 10 2
2 30 17
t 1324 13.178294573643411
m 23 13
0 18 1
1 11 2
2 31 17
t 1323 13.178294573643411
m 23 13
0 18 0
1 10 2
2 30 17
t 1322 13.178294573643411
m 23 13
0 18 1
1 11 2
2 29 17
t 1321 13.178294573643411
m 22 13
0 18 2
1 12 2
2 28 17
t 1320 13.178294573643411
m 22 13
0 18 1
1 11 2
2 27 17
t 1319 13.178294573643411
m 23 13
0 18 2
1 12 2
2 28 17
t 1318 13.178294573643411
m 23 12
0 18 1
1 13 2
2 27 17
t 1317 13.178294573643411
m 23 12
0 18 2
1 13 3
2 26 17
t 1316 13.178294573643411
m 23 13
0 19 2
1 13 2
2 25 17
t 1315 13.178294573643411
m 23 12
0 18 2
1 12 2
2 26 17
t 1314 13.178294573643411
m 23 13
0 18 1
1 11 2
2 25 17
t 1313 13.178294573643411
m 22 13
0 18 2
1 10 2
2 24 17
t 1312 13.178294573643411
m 22 13
0 18 1
1 11 2
2 23 17
t 1311 13.178294573643411
m 23 13
0 18 2
1 10 2
2 24 17
t 1310 13.178294573643411
m 22 13
0 18 1
1 11 2
2 23 17
t 1309 13.178294573643411
m 23 13
0 18 0
1 12 2
2 24 17
t 1308 13.178294573643411
m 24 13
0 18 1
1 11 2
2 23 17
t 1307 13.178294573643411
m 25 13
0 18 2
1 10 2
2 22 17
t 1306 13.178294573643411
m 26 13
0 18 1
1 11 2
2 21 17
t 1305 13.953488372093023
m 25 13
0 18 0
1 10 2
2 20 17
t 1304 13.953488372093023
m 24 13
0 19 0
1 11 2
2 19 17
t 1303 13.953488372093023
m 24 13
0 18 0
1 12 2
2 18 17
t 1302 13.953488372093023
m 24 13
0 18 1
1 13 2
2 18 18
t 1301 13.953488372093023
m 24 13
0 18 2
1 12 2
2 18 19
t 1300 13.953488372093023
m 23 13
0 19 2
1 13 2
2 18 18
t 1299 13.953488372093023
m 23 12
0 20 2
1 13 3
2 18 17
t 1298 13.953488372093023
m 23 11
0 19 2
1 13 4
2 19 17
t 1297 13.953488372093023
m 23 11
0 18 2
1 13 3
2 20 17
t 1296 13.953488372093023
m 23 10
0 18 1
1 13 4
2 21 17
t 1295 14.728682170542635
m 23 11
0 18 0
1 13 3
2 22 17
t 1294 14.728682170542635
m 23 12
0 19 0
1 13 2
2 21 17
t 1293 14.728682170542635
m 23 12
0 18 0
1 14 2
2 20 17
t 1292 14.728682170542635
m 23 13
0 19 0
1 13 2
2 21 17
t 1291 14.728682170542635
m 23 13
0 20 0
1 14 2
2 20 17
t 1290 14.728682170542635
m 24 13
0 21 0
1 15 2
2 19 17
t 1289 14.728682170542635
m 25 13
0 22 0
1 14 2
2 18 17
t 1288 14.728682170542635
m 25 13
0 21 0
1 15 2
2 17 17
t 1287 14.728682170542635
m 24 13
0 22 0
1 16 2
2 16 17
t 1286 14.728682170542635
m 25 13
0 21 0
1 15 2
2 16 18
t 1285 14.728682170542635
m 25 13
0 22 0
1 14 2
2 16 17
t 1284 14.728682170542635
m 25 13
0 21 0
1 15 2
2 16 16
t 1283 14.728682170542635
m 24 13
0 20 0
1 14 2
2 16 17
t 1282 14.728682170542635
m 23 13
0 21 0
1 13 2
2 16 16
t 1281 14.728682170542635
m 24 13
0 20 0
1 13 3
2 16 15
t 1280 14.728682170542635
m 24 13
0 19 0
1 13 2
2 16 16
t 1279 14.728682170542635
m 25 13
0 20 0
1 13 3
2 16 17
t 1278 14.728682170542635
m 26 13
0 21 0
1 13 4
2 15 17
t 1277 14.728682170542635
m 25 13
0 20 0
1 14 4
2 16 17
t 1276 14.728682170542635
m 25 13
0 21 0
1 13 4
2 15 17
t 1275 14.728682170542635
m 24 13
0 22 0
1 13 5
2 14 17
t 1274 14.728682170542635
m 23 13
0 23 0
1 12 5
2 15 17
t 1273 14.728682170542635
m 22 13
0 24 0
1 11 5
2 14 17
t 1272 14.728682170542635
m 23 13
0 23 0
1 12 5
2 13 17
t 1271 14.728682170542635
m 24 13
0 22 0
1 11 5
2 12 17
t 1270 14.728682170542635
m 25 13
0 23 0
1 12 5
2 13 17
t 1269 14.728682170542635
m 25 13
0 24 0
1 11 5
2 12 17
t 1268 14.728682170542635
m 25 13
0 25 0
1 12 5
2 11 17
t 1267 14.728682170542635
m 26 13
0 26 0
1 13 5
2 10 17
t 1266 14.728682170542635
m 27 13
0 27 0
1 13 4
2 9 17
t 1265 14.728682170542635
m 28 13
0 27 1
1 14 4
2 8 17
t 1264 14.728682170542635
m 27 13
0 27 2
1 15 4
2 7 17
t 1263 14.728682170542635
m 28 13
0 27 1
1 14 4
2 7 18
t 1262 14.728682170542635
m 27 13
0 27 2
1 13 4
2 7 19
t 1261 14.728682170542635
m 26 13
0 27 1
1 13 3
2 7 18
t 1260 14.728682170542635
m 26 13
0 27 0
1 13 4
2 7 17
t 1259 14.728682170542635
m 26 14
0 28 0
1 14 4
2 8 17
t 1258 14.728682170542635
m 26 14
0 29 0
1 15 4
2 7 17
t 1257 14.728682170542635
m 26 15
0 30 0
1 14 4
2 8 17
t 1256 14.728682170542635
m 26 15
0 31 0
1 13 4
2 7 17
t 1255 14.728682170542635
m 27 15
0 30 0
1 13 3
2 8 17
t 1254 15.503875968992247
m 27 15
0 31 0
1 13 2
2 7 17
t 1253 15.503875968992247
m 28 15
0 32 0
1 12 2
2 7 18
t 1252 15.503875968992247
m 27 15
0 33 0
1 11 2
2 7 19
t 1251 15.503875968992247
m 26 15
0 34 0
1 12 2
2 7 18
t 1250 15.503875968992247
m 27 15
0 34 1
1 11 2
2 7 19
t 1249 15.503875968992247
m 27 15
0 34 0
1 12 2
2 8 19
t 1248 15.503875968992247
m 27 15
0 33 0
1 13 2
2 9 19
t 1247 15.503875968992247
m 26 15
0 32 0
1 13 3
2 8 19
t 1246 15.503875968992247
m 26 14
0 31 0
1 13 4
2 7 19
t 1245 15.503875968992247
m 26 13
0 30 0
1 13 3
2 8 19
t 1244 15.503875968992247
m 27 13
0 29 0
1 13 2
2 7 19
t 1243 15.503875968992247
m 27 13
0 28 0
1 13 3
2 7 18
t 1242 15.503875968992247
m 28 13
0 27 0
1 13 2
2 7 17
t 1241 15.503875968992247
m 28 13
0 27 1
1 12 2
2 7 18
t 1240 15.503875968992247
m 29 13
0 27 2
1 11 2
2 7 19
t 1239 16.27906976744186
m 29 13
0 27 1
1 10 2
2 6 19
t 1238 16.27906976744186
m 28 13
0 27 0
1 9 2
2 5 19
t 1237 16.27906976744186
m 27 13
0 27 1
1 10 2
2 6 19
t 1236 16.27906976744186
m 26 13
0 27 2
1 11 2
2 7 19
t 1235 16.27906976744186
m 26 13
0 27 1
1 10 2
2 7 18
t 1234 16.27906976744186
m 26 14
0 27 2
1 11 2
2 7 17
t 1233 16.27906976744186
m 26 14
0 27 3
1 12 2
2 6 17
t 1232 16.27906976744186
m 26 15
0 26 3
1 11 2
2 7 17
t 1231 16.27906976744186
m 26 15
0 25 3
1 12 2
2 7 18
t 1230 16.27906976744186
m 27 15
0 25 2
1 13 2
2 7 19
t 1229 16.27906976744186
m 26 15
0 25 3
1 13 3
2 7 18
t 1228 16.27906976744186
m 25 15
0 25 2
1 13 2
2 7 19
t 1227 16.27906976744186
m 25 15
0 24 2
1 12 2
2 8 19
t 1226 16.27906976744186
m 25 15
0 25 2
1 11 2
2 9 19
t 1225 16.27906976744186
m 24 15
0 25 3
1 12 2
2 10 19
t 1224 17.05426356589147
m 23 15
0 25 2
1 13 2
2 9 19
t 1223 17.05426356589147
m 24 15
0 25 3
1 13 3
2 10 19
t 1222 17.05426356589147
m 23 15
0 26 3
1 13 2
2 11 19
t 1221 17.05426356589147
m 23 15
0 27 3
1 12 2
2 12 19
t 1220 17.05426356589147
m 24 15
0 27 2
1 11 2
2 11 19
t 1219 17.05426356589147
m 23 15
0 27 3
1 12 2
2 12 19
t 1218 17.05426356589147
m 24 15
0 26 3
1 13 2
2 11 19
t 1217 17.05426356589147
m 24 15
0 25 3
1 12 2
2 10 19
t 1216 17.05426356589147
m 24 15
0 25 4
1 13 2
2 11 19
t 1215 17.05426356589147
m 24 15
0 25 3
1 12 2
2 12 19
t 1214 17.05426356589147
m 25 15
0 25 4
1 11 2
2 11 19
t 1213 17.05426356589147
m 26 15
0 25 3
1 12 2
2 10 19
t 1212 17.05426356589147
m 26 14
0 25 2
1 13 2
2 9 19
t 1211 17.05426356589147
m 26 15
0 24 2
1 13 3
2 10 19
t 1210 17.05426356589147
m 26 15
0 25 2
1 13 2
2 9 19
t 1209 17.05426356589147
m 25 15
0 24 2
1 14 2
2 8 19
t 1208 17.05426356589147
m 25 15
0 23 2
1 13 2
2 9 19
t 1207 17.05426356589147
m 25 15
0 24 2
1 13 3
2 8 19
t 1206 17.05426356589147
m 24 15
0 25 2
1 13 2
2 7 19
t 1205 17.05426356589147
m 24 15
0 24 2
1 14 2
2 7 18
t 1204 17.05426356589147
m 25 15
0 25 2
1 15 2
2 7 17
t 1203 17.05426356589147
m 25 15
0 24 2
1 16 2
2 6 17
t 1202 17.05426356589147
m 25 15
0 23 2
1 15 2
2 5 17
t 1201 17.05426356589147
m 24 15
0 22 2
1 16 2
2 4 17
t 1200 17.05426356589147
m 23 15
0 21 2
1 15 2
2 5 17
t 1199 17.05426356589147
m 23 15
0 20 2
1 16 2
2 6 17
t 1198 17.05426356589147
m 23 15
0 19 2
1 15 2
2 7 17
t 1197 17.05426356589147
m 23 15
0 18 2
1 14 2
2 7 18
t 1196 17.05426356589147
m 22 15
0 19 2
1 15 2
2 7 19
t 1195 17.05426356589147
m 22 16
0 20 2
1 14 2
2 7 18
t 1194 17.05426356589147
m 22 17
0 19 2
1 15 2
2 7 17
t 1193 17.829457364341085
m 21 17
0 20 2
1 16 2
2 8 17
t 1192 17.829457364341085
m 20 17
0 19 2
1 16 1
2 9 17
t 1191 17.829457364341085
m 21 17
0 18 2
1 16 0
2 8 17
t 1190 17.829457364341085
m 22 17
0 18 1
1 16 1
2 9 17
t 1189 17.829457364341085
m 22 17
0 18 2
1 16 2
2 10 17
t 1188 17.829457364341085
m 22 16
0 19 2
1 16 1
2 9 17
t 1187 17.829457364341085
m 22 16
0 20 2
1 16 2
2 8 17
t 1186 17.829457364341085
m 22 17
0 21 2
1 16 1
2 9 17
t 1185 17.829457364341085
m 22 17
0 20 2
1 16 0
2 10 17
t 1184 17.829457364341085
m 22 16
0 21 2
1 15 0
2 9 17
t 1183 17.829457364341085
m 22 16
0 21 3
1 16 0
2 10 17
t 1182 17.829457364341085
m 22 15
0 21 2
1 16 1
2 11 17
t 1181 17.829457364341085
m 23 15
0 21 3
1 16 0
2 12 17
t 1180 17.829457364341085
m 22 15
0 21 2
1 15 0
2 11 17
t 1179 17.829457364341085
m 22 15
0 22 2
1 16 0
2 10 17
t 1178 17.829457364341085
m 23 15
0 21 2
1 16 1
2 9 17
t 1177 17.829457364341085
m 23 15
0 22 2
1 16 2
2 10 17
t 1176 17.829457364341085
m 22 15
0 23 2
1 16 1
2 9 17
t 1175 17.829457364341085
m 22 15
0 24 2
1 16 0
2 10 17
t 1174 17.829457364341085
m 21 15
0 23 2
1 16 1
2 9 17
t 1173 18.6046511627907
m 21 15
0 22 2
1 16 2
2 8 17
t 1172 18.6046511627907
m 22 15
0 23 2
1 16 1
2 9 17
t 1171 18.6046511627907
m 23 15
0 22 2
1 16 0
2 8 17
t 1170 18.6046511627907
m 23 15
0 23 2
1 16 1
2 7 17
t 1169 18.6046511627907
m 23 15
0 22 2
1 16 0
2 6 17
t 1168 18.6046511627907
m 24 15
0 21 2
1 16 1
2 5 17
t 1167 18.6046511627907
m 23 15
0 21 3
1 16 2
2 4 17
t 1166 18.6046511627907
m 22 15
0 21 4
1 15 2
2 5 17
t 1165 18.6046511627907
m 21 15
0 21 3
1 14 2
2 6 17
t 1164 18.6046511627907
m 20 15
0 21 2
1 13 2
2 5 17
t 1163 18.6046511627907
m 19 15
0 21 3
1 14 2
2 4 17
t 1162 18.6046511627907
m 18 15
0 21 2
1 13 2
2 3 17
t 1161 18.6046511627907
m 18 16
0 21 3
1 12 2
2 2 17
t 1160 18.6046511627907
m 18 15
0 21 2
1 13 2
2 2 16
t 1159 18.6046511627907
m 18 15
0 22 2
1 12 2
2 2 17
t 1158 18.6046511627907
m 19 15
0 21 2
1 11 2
2 2 16
t 1157 18.6046511627907
m 20 15
0 22 2
1 10 2
2 2 17
t 1156 18.6046511627907
m 21 15
0 23 2
1 9 2
2 3 17
t 1155 18.6046511627907
m 20 15
0 24 2
1 9 3
2 4 17
t 1154 18.6046511627907
m 21 15
0 25 2
1 8 3
2 5 17
t 1153 18.6046511627907
m 22 15
0 24 2
1 7 3
2 6 17
t 1152 18.6046511627907
m 23 15
0 23 2
1 6 3
2 5 17
t 1151 18.6046511627907
m 23 15
0 24 2
1 5 3
2 4 17
t 1150 18.6046511627907
m 23 15
0 25 2
1 6 3
2 5 17
t 1149 18.6046511627907
m 24 15
0 24 2
1 5 3
2 6 17
t 1148 18.6046511627907
m 25 15
0 25 2
1 4 3
2 5 17
t 1147 18.6046511627907
m 24 15
0 25 3
1 5 3
2 4 17
t 1146 18.6046511627907
m 25 15
0 25 4
1 4 3
2 3 17
t 1145 18.6046511627907
m 26 15
0 25 3
1 5 3
2 4 17
t 1144 18.6046511627907
m 26 15
0 26 3
1 6 3
2 5 17
t 1143 18.6046511627907
m 27 15
0 27 3
1 5 3
2 4 17
t 1142 18.6046511627907
m 28 15
0 27 2
1 6 3
2 3 17
t 1141 18.6046511627907
m 27 15
0 27 1
1 7 3
2 4 17
t 1140 18.6046511627907
m 28 15
0 27 2
1 7 2
2 3 17
t 1139 18.6046511627907
m 27 15
0 27 3
1 7 3
2 2 17
t 1138 18.6046511627907
m 28 15
0 26 3
1 6 3
2 2 16
t 1137 18.6046511627907
m 28 15
0 25 3
1 5 3
2 2 15
t 1136 18.6046511627907
m 29 15
0 26 3
1 5 4
2 2 16
t 1135 18.6046511627907
m 29 15
0 27 3
1 5 3
2 2 17
t 1134 18.6046511627907
m 30 15
0 28 3
1 6 3
2 3 17
t 1133 19.37984496124031
m 29 15
0 29 3
1 5 3
2 2 17
t 1132 19.37984496124031
m 30 15
0 29 4
1 5 4
2 2 16
t 1131 19.37984496124031
m 31 15
0 29 3
1 5 5
2 2 17
t 1130 19.37984496124031
m 31 15
0 28 3
1 5 6
2 3 17
t 1129 19.37984496124031
m 32 15
0 27 3
1 6 6
2 4 17
t 1128 19.37984496124031
m 32 14
0 28 3
1 7 6
2 3 17
t 1127 19.37984496124031
m 32 13
0 29 3
1 6 6
2 4 17
t 1126 20.155038759689923
m 31 13
0 30 3
1 5 6
2 3 17
t 1125 20.155038759689923
m 32 13
0 29 3
1 6 6
2 4 17
t 1124 20.155038759689923
m 31 13
0 28 3
1 5 6
2 3 17
t 1123 20.155038759689923
m 30 13
0 29 3
1 5 5
2 2 17
t 1122 20.155038759689923
m 30 13
0 28 3
1 5 6
2 3 17
t 1121 20.155038759689923
m 30 13
0 29 3
1 5 5
2 4 17
t 1120 20.155038759689923
m 31 13
0 28 3
1 5 4
2 5 17
t 1119 20.155038759689923
m 32 13
0 27 3
1 5 5
2 4 17
t 1118 20.155038759689923
m 32 12
0 28 3
1 5 6
2 5 17
t 1117 20.155038759689923
m 32 12
0 29 3
1 5 5
2 6 17
t 1116 20.155038759689923
m 32 13
0 28 3
1 5 6
2 7 17
t 1115 20.155038759689923
m 32 14
0 29 3
1 5 5
2 8 17
t 1114 20.155038759689923
m 32 14
0 30 3
1 5 6
2 9 17
t 1113 20.155038759689923
m 32 14
0 29 3
1 4 6
2 10 17
t 1112 20.155038759689923
m 32 15
0 29 4
1 5 6
2 11 17
t 1111 20.155038759689923
m 32 14
0 29 3
1 5 5
2 10 17
t 1110 20.155038759689923
m 32 14
0 29 4
1 5 6
2 9 17
t 1109 20.155038759689923
m 32 14
0 29 3
1 4 6
2 8 17
t 1108 20.155038759689923
m 32 15
0 29 4
1 3 6
2 9 17
t 1107 20.155038759689923
m 31 15
0 29 3
1 4 6
2 8 17
t 1106 20.155038759689923
m 30 15
0 29 4
1 3 6
2 9 17
t 1105 20.155038759689923
m 30 15
0 29 3
1 4 6
2 10 17
t 1104 20.155038759689923
m 31 15
0 28 3
1 5 6
2 9 17
t 1103 20.155038759689923
m 30 15
0 27 3
1 5 5
2 8 17
t 1102 20.155038759689923
m 30 15
0 27 2
1 5 6
2 7 17
t 1101 20.155038759689923
m 29 15
0 27 3
1 6 6
2 8 17
t 1100 20.155038759689923
m 29 15
0 28 3
1 7 6
2 7 17
t 1099 20.155038759689923
m 29 15
0 29 3
1 6 6
2 7 18
t 1098 20.155038759689923
m 28 15
0 29 4
1 7 6
2 7 17
t 1097 20.155038759689923
m 29 15
0 29 5
1 6 6
2 6 17
t 1096 20.155038759689923
m 28 15
0 29 4
1 5 6
2 7 17
t 1095 20.155038759689923
m 28 15
0 29 3
1 4 6
2 6 17
t 1094 20.155038759689923
m 27 15
0 29 4
1 3 6
2 5 17
t 1093 20.155038759689923
m 28 15
0 29 3
1 3 7
2 4 17
t 1092 20.155038759689923
m 28 15
0 29 4
1 3 8
2 5 17
t 1091 20.155038759689923
m 29 15
0 29 5
1 3 9
2 6 17
t 1090 20.155038759689923
m 28 15
0 29 6
1 3 10
2 5 17
t 1089 20.155038759689923
m 29 15
0 28 6
1 3 9
2 6 17
t 1088 20.155038759689923
m 30 15
0 29 6
1 3 10
2 7 17
t 1087 20.155038759689923
m 30 15
0 28 6
1 3 9
2 8 17
t 1086 20.155038759689923
m 31 15
0 29 6
1 3 8
2 9 17
t 1085 20.155038759689923
m 32 15
0 29 5
1 3 7
2 8 17
t 1084 20.155038759689923
m 32 14
0 29 4
1 3 6
2 9 17
t 1083 20.155038759689923
m 32 15
0 29 5
1 4 6
2 8 17
t 1082 20.155038759689923
m 32 15
0 29 6
1 3 6
2 9 17
t 1081 20.155038759689923
m 32 16
0 30 6
1 4 6
2 10 17
t 1080 20.930232558139537
m 32 15
0 29 6
1 5 6
2 9 17
t 1079 20.930232558139537
m 32 15
0 30 6
1 4 6
2 10 17
t 1078 20.930232558139537
m 32 15
0 31 6
1 5 6
2 11 17
t 1077 20.930232558139537
m 32 16
0 31 7
1 5 5
2 12 17
t 1076 20.930232558139537
m 32 16
0 31 6
1 5 4
2 13 17
t 1075 20.930232558139537
m 32 17
0 30 6
1 5 3
2 12 17
t 1074 20.930232558139537
m 31 17
0 29 6
1 5 4
2 11 17
t 1073 21.705426356589147
m 31 17
0 28 6
1 5 3
2 10 17
t 1072 21.705426356589147
m 30 17
0 27 6
1 6 3
2 11 17
t 1071 21.705426356589147
m 29 17
0 26 6
1 7 3
2 12 17
t 1070 21.705426356589147
m 30 17
0 25 6
1 6 3
2 13 17
t 1069 21.705426356589147
m 31 17
0 26 6
1 7 3
2 14 17
t 1068 21.705426356589147
m 31 17
0 27 6
1 7 2
2 15 17
t 1067 21.705426356589147
m 31 17
0 28 6
1 7 1
2 14 17
t 1066 21.705426356589147
m 32 17
0 27 6
1 7 0
2 13 17
t 1065 21.705426356589147
m 32 17
0 26 6
1 8 0
2 12 17
t 1064 21.705426356589147
m 32 16
0 25 6
1 7 0
2 12 16
t 1063 21.705426356589147
m 32 16
0 25 5
1 7 1
2 12 17
t 1062 21.705426356589147
m 32 16
0 25 4
1 7 0
2 11 17
t 1061 21.705426356589147
m 32 16
0 25 5
1 8 0
2 12 17
t 1060 21.705426356589147
m 32 15
0 24 5
1 7 0
2 11 17
t 1059 21.705426356589147
m 32 16
0 25 5
1 8 0
2 12 17
t 1058 21.705426356589147
m 32 17
0 25 6
1 9 0
2 11 17
t 1057 21.705426356589147
m 32 17
0 25 7
1 10 0
2 12 17
t 1056 21.705426356589147
m 31 17
0 24 7
1 11 0
2 12 16
t 1055 21.705426356589147
m 31 17
0 25 7
1 12 0
2 12 17
t 1054 21.705426356589147
m 32 17
0 25 6
1 13 0
2 12 16
t 1053 21.705426356589147
m 32 16
0 26 6
1 14 0
2 12 17
t 1052 21.705426356589147
m 32 16
0 27 6
1 15 0
2 12 16
t 1051 21.705426356589147
m 32 17
0 28 6
1 14 0
2 12 15
t 1050 21.705426356589147
m 32 17
0 27 6
1 13 0
2 12 16
t 1049 21.705426356589147
m 32 17
0 26 6
1 12 0
2 12 17
t 1048 21.705426356589147
m 31 17
0 27 6
1 11 0
2 11 17
t 1047 21.705426356589147
m 31 17
0 26 6
1 10 0
2 10 17
t 1046 21.705426356589147
m 32 17
0 27 6
1 11 0
2 9 17
t 1045 21.705426356589147
m 32 17
0 26 6
1 12 0
2 8 17
t 1044 21.705426356589147
m 32 17
0 27 6
1 11 0
2 7 17
t 1043 21.705426356589147
m 31 17
0 28 6
1 12 0
2 8 17
t 1042 21.705426356589147
m 30 17
0 27 6
1 13 0
2 9 17
t 1041 21.705426356589147
m 29 17
0 28 6
1 12 0
2 8 17
t 1040 21.705426356589147
m 29 17
0 29 6
1 11 0
2 7 17
t 1039 21.705426356589147
m 28 17
0 30 6
1 10 0
2 8 17
t 1038 22.48062015503876
m 28 17
0 31 6
1 9 0
2 9 17
t 1037 22.48062015503876
m 28 17
0 31 7
1 8 0
2 8 17
t 1036 22.48062015503876
m 27 17
0 31 8
1 7 0
2 9 17
t 1035 22.48062015503876
m 28 17
0 31 7
1 8 0
2 8 17
t 1034 22.48062015503876
m 28 17
0 31 8
1 7 0
2 7 17
t 1033 22.48062015503876
m 29 17
0 30 8
1 6 0
2 8 17
t 1032 22.48062015503876
m 30 17
0 29 8
1 5 0
2 7 17
t 1031 22.48062015503876
m 31 17
0 28 8
1 4 0
2 7 18
t 1030 22.48062015503876
m 31 17
0 29 8
1 5 0
2 7 19
t 1029 22.48062015503876
m 32 17
0 28 8
1 6 0
2 7 18
t 1028 22.48062015503876
m 31 17
0 28 9
1 5 0
2 7 19
t 1027 22.48062015503876
m 32 17
0 28 10
1 6 0
2 8 19
t 1026 22.48062015503876
m 32 17
0 28 9
1 5 0
2 9 19
t 1025 22.48062015503876
m 32 16
0 28 10
1 6 0
2 10 19
t 1024 22.48062015503876
m 32 15
0 28 11
1 7 0
2 9 19
t 1023 22.48062015503876
m 32 14
0 27 11
1 7 1
2 10 19
t 1022 22.48062015503876
m 32 13
0 26 11
1 7 2
2 9 19
t 1021 22.48062015503876
m 32 14
0 27 11
1 7 1
2 10 19
t 1020 22.48062015503876
m 32 14
0 28 11
1 7 0
2 11 19
t 1019 22.48062015503876
m 32 14
0 27 11
1 7 1
2 12 19
t 1018 22.48062015503876
m 32 15
0 28 11
1 7 2
2 11 19
t 1017 22.48062015503876
m 31 15
0 28 10
1 7 1
2 10 19
t 1016 22.48062015503876
m 32 15
0 28 11
1 7 2
2 9 19
t 1015 22.48062015503876
m 32 14
0 27 11
1 7 1
2 10 19
t 1014 22.48062015503876
m 32 15
0 26 11
1 7 0
2 11 19
t 1013 22.48062015503876
m 32 16
0 25 11
1 8 0
2 10 19
t 1012 22.48062015503876
m 32 15
0 24 11
1 9 0
2 11 19
t 1011 22.48062015503876
m 31 15
0 25 11
1 10 0
2 10 19
t 1010 22.48062015503876
m 31 15
0 26 11
1 9 0
2 11 19
t 1009 22.48062015503876
m 31 15
0 25 11
1 8 0
2 10 19
t 1008 22.48062015503876
m 32 15
0 26 11
1 7 0
2 11 19
t 1007 22.48062015503876
m 32 16
0 25 11
1 6 0
2 12 19
t 1006 22.48062015503876
m 32 17
0 24 11
1 7 0
2 13 19
t 1005 22.48062015503876
m 31 17
0 23 11
1 8 0
2 14 19
t 1004 22.48062015503876
m 30 17
0 23 12
1 9 0
2 15 19
t 1003 22.48062015503876
m 29 17
0 23 13
1 8 0
2 14 19
t 1002 22.48062015503876
m 28 17
0 22 13
1 9 0
2 13 19
t 1001 22.48062015503876
m 28 17
0 21 13
1 8 0
2 14 19
t 1000 22.48062015503876
m 28 17
0 21 12
1 9 0
2 13 19
t 999 22.48062015503876
m 29 17
0 21 11
1 10 0
2 12 19
t 998 22.48062015503876
m 29 17
0 20 11
1 9 0
2 13 19
t 997 22.48062015503876
m 30 17
0 19 11
1 10 0
2 14 19
t 996 22.48062015503876
m 29 17
0 20 11
1 11 0
2 15 19
t 995 22.48062015503876
m 30 17
0 21 11
1 12 0
2 14 19
t 994 22.48062015503876
m 31 17
0 21 12
1 13 0
2 15 19
t 993 22.48062015503876
m 31 17
0 21 11
1 14 0
2 14 19
t 992 22.48062015503876
m 30 17
0 20 11
1 13 0
2 13 19
t 991 22.48062015503876
m 29 17
0 21 11
1 14 0
2 12 19
t 990 22.48062015503876
m 28 17
0 21 10
1 15 0
2 11 19
t 989 22.48062015503876
m 29 17
0 21 11
1 14 0
2 12 19
t 988 22.48062015503876
m 29 17
0 21 12
1 15 0
2 13 19
t 987 22.48062015503876
m 28 17
0 21 13
1 16 0
2 12 19
t 986 22.48062015503876
m 27 17
0 21 12
1 15 0
2 11 19
t 985 22.48062015503876
m 26 17
0 21 11
1 16 0
2 12 19
t 984 22.48062015503876
m 27 17
0 21 12
1 16 1
2 11 19
t 983 22.48062015503876
m 28 17
0 21 11
1 16 0
2 12 19
t 982 22.48062015503876
m 27 17
0 21 12
1 15 0
2 13 19
t 981 22.48062015503876
m 28 17
0 21 11
1 16 0
2 14 19
t 980 22.48062015503876
m 28 17
0 20 11
1 15 0
2 15 19
t 979 22.48062015503876
m 27 17
0 19 11
1 16 0
2 14 19
t 978 22.48062015503876
m 28 17
0 20 11
1 16 1
2 13 19
t 977 22.48062015503876
m 28 17
0 21 11
1 16 2
2 12 19
t 976 22.48062015503876
m 29 17
0 21 12
1 16 1
2 11 19
t 975 22.48062015503876
m 30 17
0 21 13
1 16 0
2 10 19
t 974 22.48062015503876
m 31 17
0 21 12
1 16 1
2 11 19
t 973 22.48062015503876
m 30 17
0 21 13
1 16 2
2 10 19
t 972 22.48062015503876
m 31 17
0 21 12
1 16 1
2 11 19
t 971 22.48062015503876
m 32 17
0 21 11
1 16 0
2 12 19
t 970 22.48062015503876
m 31 17
0 21 12
1 15 0
2 13 19
t 969 22.48062015503876
m 30 17
0 21 13
1 16 0
2 12 19
t 968 22.48062015503876
m 31 17
0 21 12
1 15 0
2 13 19
t 967 22.48062015503876
m 32 17
0 21 13
1 16 0
2 14 19
t 966 22.48062015503876
m 32 16
0 21 12
1 16 1
2 15 19
t 965 22.48062015503876
m 32 15
0 21 13
1 16 2
2 14 19
t 964 22.48062015503876
m 32 16
0 21 12
1 15 2
2 15 19
t 963 22.48062015503876
m 32 15
0 21 11
1 14 2
2 16 19
t 962 22.48062015503876
m 31 15
0 21 10
1 15 2
2 15 19
t 961 22.48062015503876
m 31 15
0 21 11
1 14 2
2 14 19
t 960 22.48062015503876
m 31 15
0 20 11
1 15 2
2 13 19
t 959 22.48062015503876
m 31 15
0 19 11
1 16 2
2 14 19
t 958 22.48062015503876
m 30 15
0 18 11
1 15 2
2 13 19
t 957 22.48062015503876
m 31 15
0 19 11
1 16 2
2 14 19
t 956 22.48062015503876
m 31 15
0 20 11
1 15 2
2 15 19
t 955 22.48062015503876
m 30 15
0 21 11
1 14 2
2 16 19
t 954 22.48062015503876
m 30 15
0 20 11
1 15 2
2 16 18
t 953 22.48062015503876
m 31 15
0 19 11
1 16 2
2 16 19
t 952 22.48062015503876
m 30 15
0 20 11
1 15 2
2 16 18
t 951 22.48062015503876
m 30 15
0 19 11
1 14 2
2 16 19
t 950 22.48062015503876
m 31 15
0 18 11
1 13 2
2 15 19
t 949 22.48062015503876
m 32 15
0 19 11
1 13 3
2 14 19
t 948 22.48062015503876
m 31 15
0 20 11
1 13 4
2 13 19
t 947 22.48062015503876
m 31 15
0 21 11
1 13 3
2 14 19
t 946 22.48062015503876
m 31 15
0 21 10
1 13 2
2 15 19
t 945 22.48062015503876
m 32 15
0 21 11
1 12 2
2 14 19
t 944 22.48062015503876
m 31 15
0 21 10
1 13 2
2 13 19
t 943 22.48062015503876
m 31 15
0 21 9
1 13 3
2 12 19
t 942 22.48062015503876
m 32 15
0 20 9
1 13 2
2 11 19
t 941 22.48062015503876
m 31 15
0 21 9
1 12 2
2 12 19
t 940 22.48062015503876
m 32 15
0 21 8
1 11 2
2 13 19
t 939 22.48062015503876
m 32 16
0 21 7
1 10 2
2 12 19
t 938 22.48062015503876
m 32 17
0 20 7
1 9 2
2 11 19
t 937 22.48062015503876
m 31 17
0 21 7
1 9 3
2 12 19
t 936 22.48062015503876
m 31 17
0 22 7
1 8 3
2 11 19
t 935 22.48062015503876
m 31 17
0 21 7
1 9 3
2 12 19
t 934 22.48062015503876
m 30 17
0 21 8
1 9 4
2 11 19
t 933 22.48062015503876
m 30 17
0 21 7
1 9 3
2 10 19
t 932 22.48062015503876
m 30 17
0 22 7
1 8 3
2 9 19
t 931 22.48062015503876
m 30 17
0 21 7
1 9 3
2 10 19
t 930 22.48062015503876
m 29 17
0 20 7
1 9 2
2 11 19
t 929 22.48062015503876
m 30 17
0 19 7
1 10 2
2 10 19
t 928 22.48062015503876
m 31 17
0 20 7
1 9 2
2 9 19
t 927 22.48062015503876
m 32 17
0 19 7
1 10 2
2 10 19
t 926 22.48062015503876
m 31 17
0 18 7
1 9 2
2 9 19
t 925 22.48062015503876
m 32 17
0 19 7
1 10 2
2 10 19
t 924 22.48062015503876
m 31 17
0 18 7
1 11 2
2 11 19
t 923 22.48062015503876
m 32 17
0 17 7
1 10 2
2 12 19
t 922 22.48062015503876
m 32 17
0 17 6
1 11 2
2 13 19
t 921 22.48062015503876
m 32 17
0 17 5
1 10 2
2 14 19
t 920 22.48062015503876
m 32 17
0 17 6
1 11 2
2 15 19
t 919 22.48062015503876
m 31 17
0 17 7
1 10 2
2 16 19
t 918 22.48062015503876
m 30 17
0 17 6
1 11 2
2 16 18
t 917 22.48062015503876
m 30 17
0 17 5
1 10 2
2 16 19
t 916 22.48062015503876
m 31 17
0 17 4
1 9 2
2 15 19
t 915 22.48062015503876
m 32 17
0 17 5
1 10 2
2 16 19
t 914 22.48062015503876
m 32 17
0 17 4
1 11 2
2 15 19
t 913 22.48062015503876
m 31 17
0 17 5
1 12 2
2 14 19
t 912 22.48062015503876
m 32 17
0 17 6
1 11 2
2 15 19
t 911 22.48062015503876
m 31 17
0 17 7
1 10 2
2 16 19
t 910 22.48062015503876
m 30 17
0 17 6
1 9 2
2 16 18
t 909 22.48062015503876
m 29 17
0 17 7
1 10 2
2 16 19
t 908 22.48062015503876
m 30 17
0 17 6
1 11 2
2 16 18
t 907 22.48062015503876
m 29 17
0 17 7
1 12 2
2 16 17
t 906 22.48062015503876
m 30 17
0 18 7
1 13 2
2 16 18
t 905 22.48062015503876
m 30 17
0 19 7
1 12 2
2 16 17
t 904 22.48062015503876
m 30 17
0 18 7
1 11 2
2 16 16
t 903 22.48062015503876
m 30 17
0 19 7
1 10 2
2 16 17
t 902 22.48062015503876
m 30 17
0 20 7
1 11 2
2 17 17
t 901 22.48062015503876
m 29 17
0 19 7
1 10 2
2 16 17
t 900 22.48062015503876
m 30 17
0 18 7
1 11 2
2 16 18
t 899 22.48062015503876
m 29 17
0 17 7
1 10 2
2 16 17
t 898 22.48062015503876
m 28 17
0 16 7
1 11 2
2 15 17
t 897 22.48062015503876
m 29 17
0 15 7
1 12 2
2 16 17
t 896 22.48062015503876
m 28 17
0 14 7
1 11 2
2 16 16
t 895 22.48062015503876
m 27 17
0 13 7
1 10 2
2 16 17
t 894 22.48062015503876
m 27 17
0 13 8
1 9 2
2 16 16
t 893 22.48062015503876
m 28 17
0 13 7
1 9 3
2 16 15
t 892 22.48062015503876
m 27 17
0 12 7
1 9 4
2 16 16
t 891 22.48062015503876
m 27 18
0 11 7
1 9 5
2 16 15
t 890 23.25581395348837
m 27 17
0 10 7
1 10 5
2 16 16
t 889 23.25581395348837
m 27 18
0 11 7
1 11 5
2 16 15
t 888 23.25581395348837
m 27 18
0 12 7
1 12 5
2 16 14
t 887 23.25581395348837
m 27 17
0 13 7
1 11 5
2 16 13
t 886 23.25581395348837
m 28 17
0 12 7
1 10 5
2 15 13
t 885 23.25581395348837
m 28 17
0 11 7
1 9 5
2 14 13
t 884 23.25581395348837
m 27 17
0 12 7
1 10 5
2 13 13
t 883 23.25581395348837
m 26 17
0 11 7
1 11 5
2 14 13
t 882 23.25581395348837
m 25 17
0 12 7
1 12 5
2 15 13
t 881 24.031007751937985
m 24 17
0 13 7
1 11 5
2 16 13
t 880 24.031007751937985
m 23 17
0 12 7
1 12 5
2 16 14
t 879 24.031007751937985
m 24 17
0 11 7
1 13 5
2 17 14
t 878 24.031007751937985
m 24 17
0 11 8
1 12 5
2 18 14
t 877 24.031007751937985
m 23 17
0 11 7
1 11 5
2 17 14
t 876 24.031007751937985
m 22 17
0 12 7
1 12 5
2 18 14
t 875 24.031007751937985
m 21 17
0 11 7
1 11 5
2 18 15
t 874 24.031007751937985
m 20 17
0 11 8
1 12 5
2 18 14
t 873 24.031007751937985
m 19 17
0 11 9
1 11 5
2 18 13
t 872 24.031007751937985
m 20 17
0 10 9
1 12 5
2 19 13
t 871 24.031007751937985
m 20 17
0 9 9
1 11 5
2 18 13
t 870 24.031007751937985
m 21 17
0 10 9
1 10 5
2 18 14
t 869 24.031007751937985
m 21 17
0 11 9
1 9 5
2 18 13
t 868 24.031007751937985
m 22 17
0 10 9
1 9 6
2 19 13
t 867 24.031007751937985
m 21 17
0 9 9
1 9 7
2 18 13
t 866 24.031007751937985
m 21 17
0 10 9
1 9 6
2 19 13
t 865 24.031007751937985
m 22 17
0 11 9
1 9 7
2 20 13
t 864 24.031007751937985
m 21 17
0 11 10
1 10 7
2 19 13
t 863 24.031007751937985
m 22 17
0 11 9
1 11 7
2 20 13
t 862 24.031007751937985
m 22 16
0 11 10
1 10 7
2 19 13
t 861 24.031007751937985
m 22 17
0 11 11
1 11 7
2 20 13
t 860 24.031007751937985
m 22 17
0 11 10
1 10 7
2 21 13
t 859 24.031007751937985
m 22 16
0 11 11
1 11 7
2 21 12
t 858 24.031007751937985
m 22 16
0 11 10
1 10 7
2 21 13
t 857 24.031007751937985
m 22 16
0 11 11
1 9 7
2 20 13
t 856 24.031007751937985
m 22 15
0 11 10
1 9 6
2 21 13
t 855 24.031007751937985
m 22 15
0 11 11
1 9 5
2 21 12
t 854 24.031007751937985
m 22 15
0 11 10
1 10 5
2 21 11
t 853 24.031007751937985
m 22 15
0 11 11
1 11 5
2 20 11
t 852 24.031007751937985
m 22 15
0 10 11
1 12 5
2 19 11
t 851 24.031007751937985
m 21 15
0 9 11
1 13 5
2 20 11
t 850 24.031007751937985
m 22 15
0 8 11
1 12 5
2 21 11
t 849 24.031007751937985
m 22 16
0 7 11
1 13 5
2 20 11
t 848 24.031007751937985
m 22 16
0 6 11
1 12 5
2 19 11
t 847 24.031007751937985
m 22 15
0 6 10
1 11 5
2 18 11
t 846 24.031007751937985
m 22 16
0 6 11
1 12 5
2 17 11
t 845 24.031007751937985
m 22 17
0 6 10
1 11 5
2 16 11
t 844 24.031007751937985
m 22 17
0 6 9
1 10 5
2 17 11
t 843 24.031007751937985
m 21 17
0 7 9
1 9 5
2 18 11
t 842 24.031007751937985
m 21 17
0 6 9
1 9 4
2 17 11
t 841 24.031007751937985
m 20 17
0 6 10
1 9 5
2 16 11
t 840 24.031007751937985
m 20 17
0 6 9
1 9 6
2 17 11
t 839 24.031007751937985
m 20 17
0 6 10
1 9 7
2 16 11
t 838 24.031007751937985
m 21 17
0 6 9
1 10 7
2 17 11
t 837 24.031007751937985
m 22 17
0 6 10
1 11 7
2 18 11
t 836 24.031007751937985
m 22 16
0 6 9
1 12 7
2 17 11
t 835 24.031007751937985
m 22 16
0 6 10
1 13 7
2 17 10
t 834 24.031007751937985
m 22 15
0 6 9
1 12 7
2 17 11
t 833 24.031007751937985
m 21 15
0 6 10
1 11 7
2 17 10
t 832 24.031007751937985
m 20 15
0 6 9
1 10 7
2 17 11
t 831 24.031007751937985
m 20 15
0 7 9
1 11 7
2 18 11
t 830 24.031007751937985
m 19 15
0 8 9
1 12 7
2 19 11
t 829 24.031007751937985
m 20 15
0 9 9
1 11 7
2 20 11
t 828 24.031007751937985
m 20 15
0 8 9
1 12 7
2 19 11
t 827 24.031007751937985
m 21 15
0 9 9
1 11 7
2 18 11
t 826 24.031007751937985
m 21 15
0 10 9
1 11 8
2 17 11
t 825 24.031007751937985
m 20 15
0 11 9
1 11 9
2 16 11
t 824 24.031007751937985
m 20 15
0 11 10
1 11 8
2 15 11
t 823 24.031007751937985
m 21 15
0 11 11
1 11 9
2 14 11
t 822 24.031007751937985
m 22 15
0 11 10
1 10 9
2 15 11
t 821 24.031007751937985
m 21 15
0 11 11
1 11 9
2 14 11
t 820 24.031007751937985
m 20 15
0 10 11
1 11 10
2 15 11
t 819 24.031007751937985
m 19 15
0 11 11
1 11 11
2 16 11
t 818 24.031007751937985
m 20 15
0 11 12
1 11 10
2 15 11
t 817 24.031007751937985
m 20 15
0 11 11
1 11 9
2 14 11
t 816 24.031007751937985
m 21 15
0 11 10
1 11 8
2 13 11
t 815 24.031007751937985
m 20 15
0 11 11
1 11 9
2 13 10
t 814 24.031007751937985
m 21 15
0 10 11
1 11 10
2 13 9
t 813 24.031007751937985
m 21 15
0 11 11
1 11 11
2 13 10
t 812 24.031007751937985
m 20 15
0 11 10
1 11 10
2 13 9
t 811 24.031007751937985
m 20 15
0 11 11
1 11 11
2 14 9
t 810 24.031007751937985
m 21 15
0 11 12
1 10 11
2 13 9
t 809 24.031007751937985
m 21 15
0 11 11
1 11 11
2 13 10
t 808 24.031007751937985
m 22 15
0 11 12
1 11 10
2 13 9
t 807 24.031007751937985
m 22 16
0 11 11
1 11 11
2 13 10
t 806 24.031007751937985
m 22 16
0 10 11
1 10 11
2 13 11
t 805 24.031007751937985
m 22 16
0 9 11
1 9 11
2 13 12
t 804 24.031007751937985
m 22 16
0 10 11
1 10 11
2 13 13
t 803 24.031007751937985
m 22 15
0 9 11
1 11 11
2 13 12
t 802 24.031007751937985
m 21 15
0 8 11
1 11 10
2 13 13
t 801 24.031007751937985
m 21 15
0 7 11
1 11 9
2 14 13
t 800 24.031007751937985
m 21 15
0 8 11
1 10 9
2 15 13
t 799 24.031007751937985
m 20 15
0 9 11
1 11 9
2 14 13
t 798 24.031007751937985
m 19 15
0 8 11
1 11 8
2 15 13
t 797 24.031007751937985
m 19 15
0 9 11
1 11 9
2 16 13
t 796 24.031007751937985
m 18 15
0 10 11
1 11 10
2 15 13
t 795 24.031007751937985
m 18 14
0 9 11
1 11 9
2 16 13
t 794 24.031007751937985
m 18 15
0 10 11
1 10 9
2 16 14
t 793 24.031007751937985
m 18 15
0 11 11
1 9 9
2 16 13
t 792 24.031007751937985
m 19 15
0 10 11
1 10 9
2 15 13
t 791 24.031007751937985
m 18 15
0 9 11
1 11 9
2 14 13
t 790 24.031007751937985
m 18 14
0 10 11
1 11 10
2 13 13
t 789 24.031007751937985
m 17 14
0 11 11
1 11 11
2 12 13
t 788 24.031007751937985
m 16 14
0 11 10
1 11 10
2 13 13
t 787 24.8062015503876
m 17 14
0 11 9
1 11 11
2 13 12
t 786 24.8062015503876
m 18 14
0 10 9
1 10 11
2 13 13
t 785 24.8062015503876
m 18 15
0 11 9
1 11 11
2 13 12
t 784 24.8062015503876
m 18 16
0 11 8
1 11 12
2 13 11
t 783 24.8062015503876
m 18 15
0 11 9
1 11 11
2 13 12
t 782 24.8062015503876
m 18 16
0 10 9
1 11 10
2 13 11
t 781 24.8062015503876
m 18 15
0 9 9
1 11 11
2 14 11
t 780 24.8062015503876
m 18 15
0 8 9
1 11 12
2 15 11
t 779 24.8062015503876
m 18 14
0 9 9
1 11 11
2 14 11
t 778 24.8062015503876
m 18 15
0 8 9
1 10 11
2 15 11
t 777 24.8062015503876
m 18 14
0 7 9
1 11 11
2 14 11
t 776 24.8062015503876
m 18 14
0 8 9
1 10 11
2 15 11
t 775 24.8062015503876
m 18 13
0 9 9
1 9 11
2 16 11
t 774 24.8062015503876
m 18 13
0 10 9
1 8 11
2 15 11
t 773 24.8062015503876
m 18 14
0 9 9
1 9 11
2 16 11
t 772 24.8062015503876
m 17 14
0 10 9
1 10 11
2 15 11
t 771 24.8062015503876
m 17 14
0 9 9
1 9 11
2 14 11
t 770 24.8062015503876
m 16 14
0 10 9
1 10 11
2 15 11
t 769 24.8062015503876
m 16 15
0 9 9
1 9 11
2 14 11
t 768 24.8062015503876
m 16 15
0 8 9
1 10 11
2 13 11
t 767 24.8062015503876
m 16 16
0 9 9
1 11 11
2 14 11
t 766 24.8062015503876
m 16 16
0 10 9
1 11 12
2 13 11
t 765 24.8062015503876
m 16 15
0 9 9
1 11 13
2 13 12
t 764 24.8062015503876
m 16 16
0 10 9
1 10 13
2 13 11
t 763 24.8062015503876
m 16 15
0 9 9
1 11 13
2 14 11
t 762 24.8062015503876
m 16 15
0 10 9
1 11 12
2 13 11
t 761 24.8062015503876
m 16 14
0 9 9
1 11 13
2 14 11
t 760 24.8062015503876
m 16 13
0 8 9
1 10 13
2 15 11
t 759 24.8062015503876
m 16 14
0 7 9
1 9 13
2 14 11
t 758 24.8062015503876
m 16 15
0 6 9
1 10 13
2 13 11
t 757 24.8062015503876
m 16 14
0 6 10
1 9 13
2 13 10
t 756 24.8062015503876
m 16 14
0 6 11
1 10 13
2 13 9
t 755 24.8062015503876
m 16 13
0 6 10
1 9 13
2 13 10
t 754 24.8062015503876
m 16 14
0 6 11
1 10 13
2 13 9
t 753 24.8062015503876
m 16 14
0 6 10
1 11 13
2 13 10
t 752 24.8062015503876
m 16 13
0 6 11
1 10 13
2 13 11
t 751 24.8062015503876
m 15 13
0 7 11
1 9 13
2 13 12
t 750 24.8062015503876
m 16 13
0 8 11
1 10 13
2 13 11
t 749 24.8062015503876
m 15 13
0 9 11
1 9 13
2 13 10
t 748 24.8062015503876
m 15 13
0 10 11
1 8 13
2 13 9
t 747 24.8062015503876
m 15 13
0 11 11
1 9 13
2 13 10
t 746 24.8062015503876
m 16 13
0 10 11
1 8 13
2 13 9
t 745 24.8062015503876
m 16 13
0 11 11
1 7 13
2 13 8
t 744 24.8062015503876
m 16 13
0 11 12
1 6 13
2 13 9
t 743 24.8062015503876
m 16 14
0 11 11
1 5 13
2 13 8
t 742 24.8062015503876
m 16 15
0 11 10
1 4 13
2 13 9
t 741 24.8062015503876
m 16 16
0 11 9
1 3 13
2 13 10
t 740 24.8062015503876
m 16 15
0 10 9
1 4 13
2 13 9
t 739 24.8062015503876
m 16 15
0 11 9
1 3 13
2 14 9
t 738 24.8062015503876
m 16 15
0 11 10
1 2 13
2 15 9
t 737 24.8062015503876
m 16 14
0 11 11
1 2 12
2 16 9
t 736 24.8062015503876
m 17 14
0 11 12
1 2 11
2 17 9
t 735 24.8062015503876
m 16 14
0 11 11
1 1 11
2 16 9
t 734 24.8062015503876
m 17 14
0 10 11
1 2 11
2 17 9
t 733 24.8062015503876
m 17 14
0 9 11
1 3 11
2 17 10
t 732 24.8062015503876
m 16 14
0 10 11
1 3 10
2 17 11
t 731 24.8062015503876
m 17 14
0 11 11
1 3 11
2 17 10
t 730 24.8062015503876
m 17 14
0 10 11
1 3 10
2 17 11
t 729 24.8062015503876
m 18 14
0 11 11
1 3 9
2 17 10
t 728 24.8062015503876
m 18 14
0 11 12
1 3 10
2 17 11
t 727 24.8062015503876
m 18 13
0 11 11
1 3 9
2 17 10
t 726 24.8062015503876
m 19 13
0 11 10
1 3 10
2 17 11
t 725 24.8062015503876
m 18 13
0 11 11
1 3 9
2 17 10
t 724 24.8062015503876
m 19 13
0 11 10
1 3 10
2 17 9
t 723 24.8062015503876
m 19 13
0 11 11
1 3 11
2 17 10
t 722 24.8062015503876
m 18 13
0 10 11
1 4 11
2 17 11
t 721 24.8062015503876
m 19 13
0 11 11
1 5 11
2 16 11
t 720 24.8062015503876
m 18 13
0 11 10
1 6 11
2 17 11
t 719 24.8062015503876
m 18 14
0 11 11
1 6 10
2 16 11
t 718 24.8062015503876
m 18 14
0 11 12
1 6 11
2 15 11
t 717 24.8062015503876
m 18 13
0 11 11
1 7 11
2 16 11
t 716 24.8062015503876
m 19 13
0 11 10
1 6 11
2 17 11
t 715 24.8062015503876
m 19 13
0 11 11
1 6 10
2 17 10
t 714 24.8062015503876
m 19 13
0 11 10
1 6 11
2 17 9
t 713 24.8062015503876
m 18 13
0 11 11
1 7 11
2 16 9
t 712 24.8062015503876
m 18 13
0 11 10
1 6 11
2 17 9
t 711 24.8062015503876
m 19 13
0 11 9
1 5 11
2 18 9
t 710 24.8062015503876
m 19 13
0 11 8
1 6 11
2 19 9
t 709 24.8062015503876
m 20 13
0 11 9
1 7 11
2 18 9
t 708 24.8062015503876
m 19 13
0 11 8
1 6 11
2 19 9
t 707 24.8062015503876
m 18 13
0 11 9
1 5 11
2 20 9
t 706 24.8062015503876
m 19 13
0 10 9
1 4 11
2 21 9
t 705 24.8062015503876
m 19 13
0 11 9
1 5 11
2 20 9
t 704 24.8062015503876
m 18 13
0 11 10
1 6 11
2 21 9
t 703 24.8062015503876
m 19 13
0 11 9
1 5 11
2 21 8
t 702 24.8062015503876
m 19 13
0 10 9
1 4 11
2 21 7
t 701 24.8062015503876
m 18 13
0 11 9
1 3 11
2 21 8
t 700 24.8062015503876
m 18 14
0 10 9
1 4 11
2 21 7
t 699 24.8062015503876
m 18 13
0 11 9
1 3 11
2 20 7
t 698 24.8062015503876
m 19 13
0 11 8
1 3 10
2 21 7
t 697 24.8062015503876
m 18 13
0 11 9
1 3 11
2 20 7
t 696 24.8062015503876
m 18 13
0 10 9
1 3 10
2 19 7
t 695 24.8062015503876
m 18 14
0 9 9
1 3 11
2 18 7
t 694 24.8062015503876
m 18 13
0 8 9
1 2 11
2 17 7
t 693 24.8062015503876
m 18 13
0 9 9
1 3 11
2 17 6
t 692 24.8062015503876
m 18 13
0 10 9
1 4 11
2 17 7
t 691 24.8062015503876
m 18 14
0 9 9
1 5 11
2 16 7
t 690 24.8062015503876
m 18 15
0 10 9
1 4 11
2 15 7
t 689 24.8062015503876
m 18 14
0 9 9
1 5 11
2 16 7
t 688 24.8062015503876
m 18 13
0 8 9
1 4 11
2 15 7
t 687 24.8062015503876
m 19 13
0 7 9
1 5 11
2 14 7
t 686 24.8062015503876
m 19 13
0 8 9
1 6 11
2 13 7
t 685 24.8062015503876
m 20 13
0 9 9
1 6 10
2 14 7
t 684 24.8062015503876
m 19 13
0 10 9
1 6 11
2 13 7
t 683 24.8062015503876
m 19 13
0 9 9
1 5 11
2 14 7
t 682 24.8062015503876
m 20 13
0 8 9
1 4 11
2 13 7
t 681 24.8062015503876
m 20 13
0 9 9
1 3 11
2 13 8
t 680 24.8062015503876
m 19 13
0 8 9
1 2 11
2 13 9
t 679 24.8062015503876
m 19 13
0 9 9
1 2 12
2 14 9
t 678 24.8062015503876
m 20 13
0 10 9
1 2 11
2 15 9
t 677 24.8062015503876
m 21 13
0 11 9
1 2 12
2 16 9
t 676 24.8062015503876
m 22 13
0 10 9
1 2 11
2 17 9
t 675 24.8062015503876
m 22 13
0 11 9
1 3 11
2 18 9
t 674 24.8062015503876
m 21 13
0 11 8
1 3 10
2 19 9
t 673 24.8062015503876
m 21 12
0 11 7
1 3 9
2 20 9
t 672 25.58139534883721
m 21 11
0 11 8
1 3 8
2 21 9
t 671 25.58139534883721
m 21 12
0 11 9
1 3 9
2 21 8
t 670 25.58139534883721
m 21 11
0 11 10
1 3 10
2 21 7
t 669 25.58139534883721
m 20 11
0 11 9
1 3 11
2 20 7
t 668 25.58139534883721
m 19 11
0 10 9
1 3 10
2 19 7
t 667 26.356589147286822
m 20 11
0 11 9
1 3 11
2 18 7
t 666 26.356589147286822
m 19 11
0 10 9
1 2 11
2 17 7
t 665 26.356589147286822
m 19 11
0 11 9
1 3 11
2 17 6
t 664 26.356589147286822
m 20 11
0 11 8
1 3 10
2 17 5
t 663 26.356589147286822
m 21 11
0 11 9
1 3 11
2 17 4
t 662 26.356589147286822
m 21 10
0 11 8
1 2 11
2 17 5
t 661 26.356589147286822
m 21 10
0 11 7
1 2 12
2 17 4
t 660 26.356589147286822
m 21 10
0 10 7
1 2 13
2 16 4
t 659 26.356589147286822
m 21 9
0 11 7
1 3 13
2 15 4
t 658 27.131782945736433
m 20 9
0 11 8
1 2 13
2 14 4
t 657 27.131782945736433
m 21 9
0 11 9
1 2 14
2 15 4
t 656 27.131782945736433
m 21 9
0 11 10
1 2 15
2 16 4
t 655 27.131782945736433
m 21 9
0 11 11
1 2 16
2 15 4
t 654 27.131782945736433
m 20 9
0 11 10
1 2 17
2 14 4
t 653 27.131782945736433
m 21 9
0 11 11
1 3 17
2 13 4
t 652 27.131782945736433
m 21 8
0 11 12
1 4 17
2 13 3
t 651 27.131782945736433
m 21 7
0 11 13
1 5 17
2 13 2
t 650 27.131782945736433
m 21 8
0 11 12
1 4 17
2 13 3
t 649 27.131782945736433
m 21 7
0 11 13
1 3 17
2 13 2
t 648 27.131782945736433
m 21 8
0 11 12
1 4 17
2 13 3
t 647 27.131782945736433
m 21 8
0 11 11
1 5 17
2 13 4
t 646 27.131782945736433
m 21 7
0 11 12
1 4 17
2 13 5
t 645 27.131782945736433
m 21 8
0 11 11
1 3 17
2 13 4
t 644 27.131782945736433
m 21 9
0 11 12
1 2 17
2 13 3
t 643 27.131782945736433
m 21 8
0 11 13
1 3 17
2 13 2
t 642 27.131782945736433
m 21 8
0 10 13
1 2 17
2 14 2
t 641 27.131782945736433
m 21 8
0 9 13
1 2 16
2 13 2
t 640 27.131782945736433
m 21 8
0 10 13
1 2 15
2 13 3
t 639 27.131782945736433
m 21 9
0 11 13
1 2 14
2 13 4
t 638 27.131782945736433
m 20 9
0 11 12
1 2 15
2 13 3
t 637 27.131782945736433
m 20 9
0 11 11
1 2 16
2 13 4
t 636 27.131782945736433
m 19 9
0 11 10
1 2 15
2 13 3
t 635 27.131782945736433
m 18 9
0 11 9
1 3 15
2 13 4
t 634 27.906976744186046
m 17 9
0 10 9
1 4 15
2 13 3
t 633 27.906976744186046
m 17 10
0 9 9
1 3 15
2 13 4
t 632 28.68217054263566
m 17 10
0 10 9
1 2 15
2 13 5
t 631 28.68217054263566
m 17 9
0 11 9
1 2 16
2 12 5
t 630 28.68217054263566
m 16 9
0 11 8
1 2 15
2 13 5
t 629 28.68217054263566
m 16 9
0 11 7
1 2 14
2 13 4
t 628 28.68217054263566
m 16 9
0 11 8
1 2 13
2 13 3
t 627 28.68217054263566
m 17 9
0 11 7
1 3 13
2 13 4
t 626 28.68217054263566
m 17 10
0 11 8
1 4 13
2 14 4
t 625 28.68217054263566
m 17 10
0 11 9
1 5 13
2 15 4
t 624 28.68217054263566
m 17 9
0 11 10
1 6 13
2 16 4
t 623 28.68217054263566
m 16 9
0 11 9
1 5 13
2 15 4
t 622 28.68217054263566
m 15 9
0 10 9
1 4 13
2 16 4
t 621 29.45736434108527
m 16 9
0 11 9
1 5 13
2 17 4
t 620 29.45736434108527
m 16 9
0 11 10
1 4 13
2 16 4
t 619 29.45736434108527
m 17 9
0 11 9
1 3 13
2 15 4
t 618 29.45736434108527
m 17 10
0 10 9
1 4 13
2 16 4
t 617 29.45736434108527
m 17 9
0 11 9
1 5 13
2 17 4
t 616 29.45736434108527
m 17 9
0 11 8
1 4 13
2 18 4
t 615 29.45736434108527
m 18 9
0 11 9
1 3 13
2 19 4
t 614 29.45736434108527
m 19 9
0 11 10
1 2 13
2 18 4
t 613 29.45736434108527
m 18 9
0 11 9
1 3 13
2 19 4
t 612 29.45736434108527
m 17 9
0 11 10
1 2 13
2 18 4
t 611 29.45736434108527
m 17 10
0 11 9
1 2 14
2 19 4
t 610 29.45736434108527
m 17 9
0 10 9
1 2 13
2 18 4
t 609 29.45736434108527
m 17 10
0 9 9
1 2 12
2 19 4
t 608 29.45736434108527
m 17 11
0 8 9
1 2 11
2 18 4
t 607 29.45736434108527
m 16 11
0 9 9
1 1 11
2 17 4
t 606 30.232558139534884
m 15 11
0 8 9
1 2 11
2 16 4
t 605 30.232558139534884
m 16 11
0 9 9
1 1 11
2 15 4
t 604 30.232558139534884
m 17 11
0 10 9
1 2 11
2 16 4
t 603 30.232558139534884
m 16 11
0 9 9
1 3 11
2 15 4
t 602 30.232558139534884
m 15 11
0 10 9
1 2 11
2 16 4
t 601 30.232558139534884
m 16 11
0 9 9
1 1 11
2 15 4
t 600 30.232558139534884
m 17 11
0 10 9
1 2 11
2 16 4
t 599 30.232558139534884
m 17 10
0 9 9
1 1 11
2 17 4
t 598 30.232558139534884
m 17 9
0 8 9
1 0 11
2 16 4
t 597 30.232558139534884
m 17 9
0 7 9
1 1 11
2 17 4
t 596 30.232558139534884
m 16 9
0 8 9
1 2 11
2 17 5
t 595 30.232558139534884
m 17 9
0 7 9
1 3 11
2 17 6
t 594 30.232558139534884
m 16 9
0 6 9
1 3 10
2 17 5
t 593 30.232558139534884
m 15 9
0 6 8
1 3 9
2 17 4
t 592 30.232558139534884
m 15 9
0 6 9
1 3 10
2 18 4
t 591 30.232558139534884
m 14 9
0 7 9
1 3 9
2 19 4
t 590 30.232558139534884
m 15 9
0 6 9
1 3 10
2 20 4
t 589 30.232558139534884
m 15 9
0 6 8
1 3 11
2 19 4
t 588 30.232558139534884
m 14 9
0 5 8
1 2 11
2 18 4
t 587 30.232558139534884
m 15 9
0 4 8
1 1 11
2 19 4
t 586 30.232558139534884
m 15 9
0 3 8
1 2 11
2 20 4
t 585 30.232558139534884
m 16 9
0 3 7
1 2 12
2 21 4
t 584 30.232558139534884
m 15 9
0 3 8
1 2 11
2 21 3
t 583 30.232558139534884
m 14 9
0 3 9
1 1 11
2 21 4
t 582 30.232558139534884
m 15 9
0 3 10
1 2 11
2 21 5
t 581 30.232558139534884
m 14 9
0 3 11
1 3 11
2 21 4
t 580 30.232558139534884
m 14 9
0 3 10
1 2 11
2 20 4
t 579 30.232558139534884
m 13 9
0 3 11
1 2 12
2 19 4
t 578 30.232558139534884
m 13 10
0 3 10
1 2 13
2 18 4
t 577 30.232558139534884
m 13 11
0 3 11
1 2 12
2 17 4
t 576 31.007751937984494
m 13 11
0 4 11
1 2 13
2 16 4
t 575 31.007751937984494
m 13 12
0 5 11
1 2 14
2 15 4
t 574 31.007751937984494
m 13 11
0 4 11
1 2 13
2 16 4
t 573 31.007751937984494
m 14 11
0 5 11
1 2 14
2 15 4
t 572 31.007751937984494
m 15 11
0 6 11
1 2 15
2 16 4
t 571 31.007751937984494
m 14 11
0 6 10
1 2 14
2 15 4
t 570 31.007751937984494
m 14 11
0 6 9
1 2 13
2 14 4
t 569 31.007751937984494
m 14 11
0 6 10
1 2 14
2 13 4
t 568 31.007751937984494
m 15 11
0 6 9
1 2 13
2 13 3
t 567 31.007751937984494
m 14 11
0 6 10
1 3 13
2 13 4
t 566 31.007751937984494
m 14 11
0 6 11
1 4 13
2 13 3
t 565 31.007751937984494
m 14 11
0 5 11
1 3 13
2 13 2
t 564 31.007751937984494
m 14 11
0 4 11
1 4 13
2 12 2
t 563 31.007751937984494
m 14 11
0 3 11
1 5 13
2 13 2
t 562 31.007751937984494
m 14 11
0 4 11
1 6 13
2 13 3
t 561 31.007751937984494
m 15 11
0 5 11
1 5 13
2 13 4
t 560 31.007751937984494
m 14 11
0 6 11
1 4 13
2 13 5
t 559 31.007751937984494
m 14 11
0 5 11
1 3 13
2 12 5
t 558 31.007751937984494
m 14 11
0 6 11
1 2 13
2 11 5
t 557 31.007751937984494
m 14 11
0 5 11
1 2 14
2 10 5
t 556 31.007751937984494
m 14 11
0 6 11
1 2 15
2 9 5
t 555 31.007751937984494
m 14 11
0 6 10
1 3 15
2 9 6
t 554 31.007751937984494
m 13 11
0 6 11
1 2 15
2 9 7
t 553 31.007751937984494
m 13 10
0 7 11
1 2 14
2 10 7
t 552 31.007751937984494
m 13 10
0 8 11
1 2 15
2 11 7
t 551 31.007751937984494
m 13 10
0 9 11
1 3 15
2 10 7
t 550 31.007751937984494
m 13 11
0 10 11
1 2 15
2 11 7
t 549 31.007751937984494
m 13 10
0 9 11
1 1 15
2 10 7
t 548 31.007751937984494
m 13 9
0 10 11
1 0 15
2 9 7
t 547 31.007751937984494
m 13 8
0 11 11
1 0 16
2 9 6
t 546 31.782945736434108
m 13 9
0 11 10
1 0 15
2 8 6
t 545 31.782945736434108
m 14 9
0 11 9
1 1 15
2 9 6
t 544 31.782945736434108
m 13 9
0 11 10
1 2 15
2 8 6
t 543 31.782945736434108
m 13 10
0 11 11
1 2 14
2 7 6
t 542 31.782945736434108
m 13 10
0 11 10
1 2 13
2 8 6
t 541 31.782945736434108
m 13 10
0 11 11
1 2 12
2 9 6
t 540 31.782945736434108
m 13 11
0 10 11
1 2 13
2 9 7
t 539 31.782945736434108
m 13 10
0 9 11
1 3 13
2 10 7
t 538 31.782945736434108
m 13 9
0 10 11
1 4 13
2 9 7
t 537 31.782945736434108
m 14 9
0 9 11
1 5 13
2 9 6
t 536 31.782945736434108
m 13 9
0 8 11
1 6 13
2 9 7
t 535 31.782945736434108
m 13 10
0 9 11
1 7 13
2 10 7
t 534 31.782945736434108
m 13 10
0 10 11
1 6 13
2 9 7
t 533 31.782945736434108
m 13 10
0 9 11
1 7 13
2 9 6
t 532 31.782945736434108
m 13 9
0 10 11
1 6 13
2 9 7
t 531 31.782945736434108
m 13 10
0 9 11
1 7 13
2 10 7
t 530 31.782945736434108
m 13 11
0 10 11
1 8 13
2 11 7
t 529 31.782945736434108
m 13 11
0 11 11
1 7 13
2 12 7
t 528 31.782945736434108
m 13 11
0 11 10
1 6 13
2 11 7
t 527 31.782945736434108
m 13 11
0 11 9
1 7 13
2 10 7
t 526 31.782945736434108
m 13 10
0 11 8
1 6 13
2 9 7
t 525 31.782945736434108
m 13 11
0 11 7
1 7 13
2 9 6
t 524 31.782945736434108
m 13 11
0 10 7
1 8 13
2 9 7
t 523 31.782945736434108
m 13 11
0 11 7
1 8 14
2 10 7
t 522 31.782945736434108
m 13 10
0 11 8
1 8 15
2 11 7
t 521 31.782945736434108
m 13 11
0 11 7
1 8 14
2 11 8
t 520 31.782945736434108
m 13 10
0 10 7
1 8 15
2 11 9
t 519 31.782945736434108
m 13 11
0 11 7
1 9 15
2 10 9
t 518 31.782945736434108
m 13 12
0 12 7
1 10 15
2 11 9
t 517 31.782945736434108
m 13 12
0 11 7
1 9 15
2 11 10
t 516 31.782945736434108
m 13 13
0 12 7
1 8 15
2 11 11
t 515 31.782945736434108
m 12 13
0 13 7
1 7 15
2 11 12
t 514 31.782945736434108
m 12 13
0 14 7
1 6 15
2 11 11
t 513 31.782945736434108
m 11 13
0 13 7
1 7 15
2 10 11
t 512 32.55813953488372
m 12 13
0 13 8
1 6 15
2 11 11
t 511 32.55813953488372
m 13 13
0 13 9
1 5 15
2 11 10
t 510 32.55813953488372
m 13 12
0 13 8
1 4 15
2 11 9
t 509 32.55813953488372
m 13 12
0 13 7
1 5 15
2 10 9
t 508 32.55813953488372
m 13 11
0 13 8
1 4 15
2 9 9
t 507 32.55813953488372
m 13 12
0 13 9
1 5 15
2 8 9
t 506 32.55813953488372
m 13 12
0 13 8
1 4 15
2 7 9
t 505 32.55813953488372
m 13 11
0 13 7
1 3 15
2 6 9
t 504 32.55813953488372
m 13 12
0 13 8
1 2 15
2 6 8
t 503 32.55813953488372
m 13 11
0 13 7
1 1 15
2 6 9
t 502 32.55813953488372
m 13 12
0 12 7
1 2 15
2 7 9
t 501 32.55813953488372
m 13 11
0 13 7
1 2 16
2 6 9
t 500 32.55813953488372
m 13 10
0 12 7
1 2 17
2 6 8
t 499 32.55813953488372
m 13 9
0 13 7
1 3 17
2 5 8
t 498 32.55813953488372
m 14 9
0 13 8
1 2 17
2 6 8
t 497 32.55813953488372
m 15 9
0 13 9
1 3 17
2 5 8
t 496 32.55813953488372
m 15 9
0 13 10
1 2 17
2 6 8
t 495 32.55813953488372
m 15 9
0 13 11
1 3 17
2 5 8
t 494 32.55813953488372
m 16 9
0 13 10
1 4 17
2 6 8
t 493 32.55813953488372
m 17 9
0 13 11
1 3 17
2 5 8
t 492 32.55813953488372
m 17 9
0 13 12
1 4 17
2 4 8
t 491 32.55813953488372
m 17 10
0 13 13
1 3 17
2 5 8
t 490 32.55813953488372
m 17 10
0 13 12
1 2 17
2 6 8
t 489 32.55813953488372
m 17 11
0 13 11
1 2 16
2 5 8
t 488 32.55813953488372
m 17 11
0 14 11
1 2 15
2 4 8
t 487 32.55813953488372
m 17 10
0 13 11
1 2 16
2 5 8
t 486 32.55813953488372
m 17 10
0 14 11
1 2 15
2 4 8
t 485 32.55813953488372
m 17 9
0 15 11
1 1 15
2 3 8
t 484 32.55813953488372
m 17 9
0 16 11
1 2 15
2 4 8
t 483 32.55813953488372
m 18 9
0 15 11
1 2 14
2 5 8
t 482 32.55813953488372
m 17 9
0 14 11
1 2 15
2 6 8
t 481 32.55813953488372
m 17 9
0 15 11
1 3 15
2 6 9
t 480 32.55813953488372
m 17 10
0 14 11
1 4 15
2 6 10
t 479 32.55813953488372
m 17 10
0 15 11
1 5 15
2 6 11
t 478 32.55813953488372
m 17 11
0 16 11
1 4 15
2 7 11
t 477 32.55813953488372
m 17 10
0 17 11
1 5 15
2 8 11
t 476 32.55813953488372
m 17 10
0 18 11
1 6 15
2 7 11
t 475 32.55813953488372
m 17 11
0 19 11
1 5 15
2 6 11
t 474 32.55813953488372
m 17 10
0 20 11
1 6 15
2 6 10
t 473 32.55813953488372
m 17 11
0 19 11
1 5 15
2 6 11
t 472 32.55813953488372
m 18 11
0 20 11
1 4 15
2 7 11
t 471 32.55813953488372
m 18 11
0 19 11
1 3 15
2 6 11
t 470 32.55813953488372
0 18 11
1 4 15
2 7 11
t 469 5.758139534883721
