35
20
m 0 19
0 34 0
1 0 0
2 34 19
w 0 9
w 0 10
w 1 1
w 1 2
w 1 4
w 1 5
w 1 6
w 1 7
w 1 9
w 1 10
w 1 12
w 1 13
w 1 14
w 1 16
w 1 17
w 1 18
w 2 1
w 2 2
w 2 4
w 2 5
w 2 6
w 2 7
w 2 9
w 2 10
w 2 18
w 3 1
w 3 2
w 3 4
w 3 5
w 3 12
w 3 14
w 3 16
w 3 18
w 4 1
w 4 2
w 4 4
w 4 5
w 4 7
w 4 9
w 4 10
w 4 12
w 4 14
w 4 16
w 4 18
w 5 1
w 5 2
w 5 7
w 5 9
w 5 10
w 5 12
w 5 14
w 5 16
w 5 18
w 6 1
w 6 2
w 6 4
w 6 5
w 6 7
w 6 12
w 6 14
w 6 16
w 6 18
w 7 4
w 7 5
w 7 7
w 7 8
w 7 10
w 7 12
w 7 14
w 7 16
w 8 1
w 8 2
w 8 4
w 8 5
w 8 7
w 8 8
w 8 10
w 8 12
w 8 16
w 8 18
w 9 1
w 9 8
w 9 10
w 9 12
w 9 14
w 9 16
w 9 18
w 10 1
w 10 3
w 10 4
w 10 6
w 10 8
w 10 10
w 10 12
w 10 14
w 10 16
w 10 18
w 11 1
w 11 3
w 11 4
w 11 6
w 11 14
w 11 16
w 11 18
w 12 1
w 12 3
w 12 4
w 12 6
w 12 8
w 12 9
w 12 10
w 12 11
w 12 12
w 12 14
w 12 18
w 13 1
w 13 6
w 13 14
w 13 16
w 13 18
w 14 1
w 14 3
w 14 5
w 14 6
w 14 8
w 14 10
w 14 12
w 14 14
w 14 16
w 14 18
w 15 1
w 15 3
w 15 5
w 15 6
w 15 8
w 15 10
w 15 12
w 15 14
w 15 16
w 15 18
w 16 3
w 16 5
w 16 6
w 16 8
w 16 10
w 16 12
w 17 0
w 17 1
w 17 2
w 17 3
w 17 8
w 17 12
w 17 13
w 17 15
w 17 16
w 17 18
w 17 19
w 18 3
w 18 5
w 18 6
w 18 8
w 18 10
w 18 12
w 19 1
w 19 3
w 19 5
w 19 6
w 19 8
w 19 10
w 19 12
w 19 14
w 19 16
w 19 18
w 20 1
w 20 3
w 20 5
w 20 6
w 20 8
w 20 10
w 20 12
w 20 14
w 20 16
w 20 18
w 21 1
w 21 6
w 21 14
w 21 16
w 21 18
w 22 1
w 22 3
w 22 4
w 22 6
w 22 8
w 22 9
w 22 10
w 22 11
w 22 12
w 22 14
w 22 18
w 23 1
w 23 3
w 23 4
w 23 6
w 23 14
w 23 16
w 23 18
w 24 1
w 24 3
w 24 4
w 24 6
w 24 8
w 24 10
w 24 12
w 24 14
w 24 16
w 24 18
w 25 1
w 25 8
w 25 10
w 25 12
w 25 14
w 25 16
w 25 18
w 26 1
w 26 2
w 26 4
w 26 5
w 26 7
w 26 8
w 26 10
w 26 12
w 26 16
w 26 18
w 27 4
w 27 5
w 27 7
w 27 8
w 27 10
w 27 12
w 27 14
w 27 16
w 28 1
w 28 2
w 28 4
w 28 5
w 28 7
w 28 12
w 28 14
w 28 16
w 28 18
w 29 1
w 29 2
w 29 7
w 29 9
w 29 10
w 29 12
w 29 14
w 29 16
w 29 18
w 30 1
w 30 2
w 30 4
w 30 5
w 30 7
w 30 9
w 30 10
w 30 12
w 30 14
w 30 16
w 30 18
w 31 1
w 31 2
w 31 4
w 31 5
w 31 12
w 31 14
w 31 16
w 31 18
w 32 1
w 32 2
w 32 4
w 32 5
w 32 6
w 32 7
w 32 9
w 32 10
w 32 18
w 33 1
w 33 2
w 33 4
w 33 5
w 33 6
w 33 7
w 33 9
w 33 10
w 33 12
w 33 13
w 33 14
w 33 16
w 33 17
w 33 18
w 34 9
w 34 10
p 7 17
p 22 17
p 30 0
p 14 13
p 5 19
p 13 8
p 29 4
p 13 17
p 21 0
p 21 9
p 27 6
p 3 6
p 19 2
p 3 15
p 19 11
p 11 7
p 1 8
p 34 5
p 34 14
p 17 7
p 9 3
p 0 0
p 15 0
p 32 16
p 33 15
p 15 9
p 6 6
p 25 11
p 16 17
p 32 19
p 31 8
p 22 5
p 31 17
p 23 13
p 30 6
p 14 19
p 13 5
p 29 13
p 3 3
p 20 19
p 12 15
p 28 11
p 4 11
p 27 15
p 10 17
p 18 0
p 26 13
p 2 13
p 18 9
p 18 18
p 34 2
p 34 11
p 17 4
p 9 0
p 9 9
p 33 3
p 24 0
p 32 13
p 8 13
p 24 9
p 7 2
p 0 18
p 25 17
p 16 14
p 7 11
p 22 2
p 6 15
p 23 10
p 14 7
p 5 4
p 23 19
p 5 13
p 13 2
p 30 15
p 13 11
p 20 7
p 3 0
p 29 19
p 21 15
p 3 9
p 4 8
p 27 3
p 4 17
p 10 5
p 19 17
p 1 11
p 11 13
p 2 19
p 33 0
p 0 6
p 25 5
p 8 19
p 16 2
p 0 15
p 6 3
p 15 15
p 31 11
p 23 7
p 14 4
p 30 3
p 20 4
p 21 3
p 12 0
p 20 13
p 21 12
p 27 0
p 27 9
p 28 8
p 10 2
p 27 18
p 28 17
p 10 11
p 11 10
p 11 19
p 2 16
p 26 19
p 18 15
p 34 8
p 34 17
p 17 10
p 9 6
p 0 3
p 25 2
p 9 15
p 0 12
p 6 0
p 24 15
p 6 9
p 16 11
t 1750 0
m 1 19
0 33 0
1 0 1
2 34 18
t 1749 0.0
m 2 19
0 34 0
1 0 2
2 34 19
t 1748 0.7751937984496124
m 3 19
0 34 1
1 0 1
2 34 18
t 1747 0.7751937984496124
m 4 19
0 34 0
1 0 2
2 34 19
t 1746 0.7751937984496124
m 5 19
0 34 1
1 0 3
2 34 18
t 1745 1.550387596899225
m 6 19
0 34 2
1 0 4
2 34 17
t 1744 1.550387596899225
m 7 19
0 34 3
1 0 3
2 34 18
t 1743 1.550387596899225
m 8 19
0 34 2
1 1 3
2 34 19
t 1742 2.3255813953488373
m 9 19
0 34 3
1 2 3
2 33 19
t 1741 2.3255813953488373
m 9 19
0 34 4
1 3 3
2 32 19
t 1740 2.3255813953488373
m 9 19
0 34 5
1 2 3
2 31 19
t 1739 2.3255813953488373
m 9 19
0 34 4
1 1 3
2 32 19
t 1738 2.3255813953488373
m 9 19
0 34 5
1 0 3
2 33 19
t 1737 2.3255813953488373
m 9 19
0 34 6
1 0 4
2 32 19
t 1736 2.3255813953488373
m 9 19
0 34 5
1 0 5
2 33 19
t 1735 2.3255813953488373
m 9 19
0 34 4
1 0 4
2 32 19
t 1734 2.3255813953488373
m 9 19
0 34 5
1 0 3
2 31 19
t 1733 2.3255813953488373
m 8 19
0 34 4
1 1 3
2 30 19
t 1732 2.3255813953488373
m 8 19
0 34 5
1 2 3
2 29 19
t 1731 2.3255813953488373
m 8 19
0 34 4
1 1 3
2 30 19
t 1730 2.3255813953488373
m 8 19
0 34 3
1 0 3
2 29 19
t 1729 2.3255813953488373
m 7 19
0 33 3
1 0 2
2 28 19
t 1728 2.3255813953488373
m 7 18
0 34 3
1 0 1
2 27 19
t 1727 2.3255813953488373
m 7 17
0 34 2
1 0 2
2 27 18
t 1726 3.10077519379845
m 7 17
0 34 1
1 0 1
2 27 17
t 1725 3.10077519379845
m 7 18
0 34 0
1 0 0
2 26 17
t 1724 3.10077519379845
m 7 19
0 34 1
1 1 0
2 25 17
t 1723 3.10077519379845
m 6 19
0 34 2
1 0 0
2 24 17
t 1722 3.10077519379845
m 5 19
0 34 3
1 0 1
2 23 17
t 1721 3.10077519379845
m 4 19
0 34 2
1 0 0
2 22 17
t 1720 3.10077519379845
m 3 19
0 34 3
1 1 0
2 23 17
t 1719 3.10077519379845
m 3 19
0 34 2
1 0 0
2 24 17
t 1718 3.10077519379845
m 3 19
0 34 3
1 1 0
2 23 17
t 1717 3.10077519379845
m 3 19
0 34 4
1 0 0
2 22 17
t 1716 3.10077519379845
m 3 19
0 34 5
1 0 1
2 22 16
t 1715 3.10077519379845
m 3 19
0 34 4
1 0 0
2 22 17
t 1714 3.10077519379845
m 3 19
0 34 3
1 1 0
2 23 17
t 1713 3.10077519379845
m 3 19
0 34 2
1 0 0
2 22 17
t 1712 3.10077519379845
m 3 19
0 34 3
1 1 0
2 21 17
t 1711 3.10077519379845
m 3 19
0 34 2
1 2 0
2 22 17
t 1710 3.10077519379845
m 3 19
0 34 3
1 3 0
2 22 16
t 1709 3.10077519379845
m 4 19
0 33 3
1 4 0
2 22 15
t 1708 3.10077519379845
m 5 19
0 32 3
1 3 0
2 22 16
t 1707 3.10077519379845
m 5 19
0 33 3
1 2 0
2 22 15
t 1706 3.10077519379845
m 5 19
0 32 3
1 1 0
2 22 16
t 1705 3.10077519379845
m 4 19
0 33 3
1 2 0
2 22 17
t 1704 3.10077519379845
m 4 19
0 34 3
1 3 0
2 23 17
t 1703 3.10077519379845
m 4 19
0 33 3
1 2 0
2 22 17
t 1702 3.10077519379845
m 4 19
0 32 3
1 3 0
2 21 17
t 1701 3.10077519379845
m 4 19
0 31 3
1 2 0
2 20 17
t 1700 3.10077519379845
m 3 19
0 32 3
1 3 0
2 19 17
t 1699 3.10077519379845
m 2 19
0 33 3
1 4 0
2 20 17
t 1698 3.10077519379845
m 1 19
0 32 3
1 5 0
2 21 17
t 1697 3.10077519379845
m 0 19
0 33 3
1 6 0
2 20 17
t 1696 3.10077519379845
m 0 19
0 34 3
1 5 0
2 19 17
t 1695 3.10077519379845
m 0 19
0 34 2
1 4 0
2 18 17
t 1694 3.10077519379845
m 0 19
0 34 1
1 3 0
2 17 17
t 1693 3.10077519379845
m 0 19
0 34 0
1 4 0
2 18 17
t 1692 3.10077519379845
m 0 19
0 33 0
1 3 0
2 19 17
t 1691 3.10077519379845
m 0 19
0 32 0
1 4 0
2 18 17
t 1690 3.10077519379845
m 0 19
0 33 0
1 5 0
2 19 17
t 1689 3.10077519379845
m 0 19
0 34 0
1 6 0
2 20 17
t 1688 3.10077519379845
m 0 19
0 33 0
1 7 0
2 21 17
t 1687 3.10077519379845
m 0 19
0 34 0
1 7 1
2 20 17
t 1686 3.10077519379845
m 0 19
0 33 0
1 7 0
2 21 17
t 1685 3.10077519379845
m 0 19
0 34 0
1 8 0
2 20 17
t 1684 3.10077519379845
m 0 19
0 33 0
1 9 0
2 19 17
t 1683 3.10077519379845
m 0 19
0 34 0
1 8 0
2 20 17
t 1682 3.10077519379845
m 0 19
0 34 1
1 9 0
2 21 17
t 1681 3.10077519379845
m 0 19
0 34 0
1 10 0
2 20 17
t 1680 3.10077519379845
m 0 19
0 33 0
1 9 0
2 21 17
t 1679 3.10077519379845
m 0 19
0 34 0
1 8 0
2 20 17
t 1678 3.10077519379845
m 0 19
0 33 0
1 7 0
2 21 17
t 1677 3.10077519379845
m 0 19
0 32 0
1 7 1
2 20 17
f 34 19
t 1676 3.10077519379845
m 0 19
0 31 0
1 7 2
2 21 17
t 1675 3.10077519379845
m 0 19
0 32 0
1 7 1
2 20 17
t 1674 3.10077519379845
m 0 19
0 31 0
1 7 0
2 21 17
t 1673 3.10077519379845
m 0 19
0 30 0
1 8 0
2 22 17
t 1672 3.10077519379845
m 0 19
0 31 0
1 9 0
2 23 17
t 1671 3.10077519379845
m 0 19
0 30 0
1 8 0
2 22 17
t 1670 3.10077519379845
m 0 19
0 31 0
1 9 0
2 22 16
t 1669 3.10077519379845
m 0 19
0 32 0
1 10 0
2 22 17
t 1668 3.10077519379845
m 0 19
0 31 0
1 11 0
2 22 16
t 1667 3.10077519379845
m 0 19
0 30 0
1 12 0
2 22 15
t 1666 3.10077519379845
m 0 19
0 31 0
1 13 0
2 21 15
t 1665 3.10077519379845
m 0 19
0 30 0
1 12 0
2 22 15
t 1664 3.10077519379845
m 0 19
0 29 0
1 11 0
2 22 16
t 1663 3.10077519379845
m 0 19
0 28 0
1 10 0
2 22 15
t 1662 3.10077519379845
m 0 19
0 27 0
1 9 0
2 22 16
t 1661 3.10077519379845
m 0 19
0 26 0
1 8 0
2 22 15
t 1660 3.10077519379845
m 0 19
0 25 0
1 7 0
2 22 16
t 1659 3.10077519379845
m 0 19
0 26 0
1 8 0
2 22 15
t 1658 3.10077519379845
m 0 19
0 27 0
1 7 0
2 23 15
t 1657 3.10077519379845
m 0 19
0 28 0
1 7 1
2 22 15
t 1656 3.10077519379845
m 0 19
0 29 0
1 7 0
2 22 16
t 1655 3.10077519379845
m 0 19
0 30 0
1 7 1
2 22 15
t 1654 3.10077519379845
m 0 19
0 29 0
1 7 0
2 22 16
t 1653 3.10077519379845
m 0 19
0 30 0
1 6 0
2 22 15
t 1652 3.10077519379845
m 0 19
0 29 0
1 7 0
2 21 15
t 1651 3.10077519379845
m 0 19
0 30 0
1 6 0
2 22 15
t 1650 3.10077519379845
m 0 19
0 29 0
1 7 0
2 22 16
t 1649 3.10077519379845
m 0 19
0 28 0
1 6 0
2 22 15
t 1648 3.10077519379845
m 0 19
0 27 0
1 7 0
2 21 15
t 1647 3.10077519379845
m 0 19
0 26 0
1 6 0
2 22 15
t 1646 3.10077519379845
m 0 19
0 25 0
1 5 0
2 21 15
t 1645 3.10077519379845
m 0 19
0 24 0
1 4 0
2 22 15
t 1644 3.10077519379845
m 0 19
0 25 0
1 5 0
2 21 15
t 1643 3.10077519379845
m 0 19
0 26 0
1 4 0
2 20 15
t 1642 3.10077519379845
m 0 19
0 25 0
1 5 0
2 21 15
t 1641 3.10077519379845
m 0 19
0 24 0
1 6 0
2 20 15
t 1640 3.10077519379845
m 0 19
0 25 0
1 7 0
2 19 15
t 1639 3.10077519379845
m 0 19
0 24 0
1 8 0
2 18 15
t 1638 3.10077519379845
m 0 19
0 23 0
1 9 0
2 19 15
t 1637 3.10077519379845
m 0 19
0 24 0
1 10 0
2 20 15
t 1636 3.10077519379845
m 0 19
0 23 0
1 9 0
2 19 15
t 1635 3.10077519379845
m 0 19
0 22 0
1 10 0
2 20 15
t 1634 3.10077519379845
m 0 19
0 21 0
1 11 0
2 19 15
t 1633 3.10077519379845
m 0 19
0 20 0
1 10 0
2 20 15
t 1632 3.10077519379845
m 0 19
0 19 0
1 9 0
2 19 15
t 1631 3.10077519379845
m 0 19
0 18 0
1 8 0
2 18 15
t 1630 3.10077519379845
m 0 19
0 19 0
1 7 0
2 18 16
t 1629 3.10077519379845
m 0 19
0 18 0
1 7 1
2 18 17
t 1628 3.10077519379845
m 0 19
0 18 1
1 7 0
2 18 16
t 1627 3.10077519379845
m 0 19
0 18 2
1 8 0
2 18 17
t 1626 3.10077519379845
m 0 19
0 19 2
1 7 0
2 17 17
t 1625 3.10077519379845
m 0 19
0 18 2
1 6 0
2 16 17
t 1624 3.10077519379845
m 0 19
0 19 2
1 5 0
2 17 17
t 1623 3.10077519379845
m 0 19
0 18 2
1 6 0
2 16 17
t 1622 3.10077519379845
m 0 19
0 18 1
1 7 0
2 17 17
t 1621 3.10077519379845
m 0 19
0 18 2
1 8 0
2 18 17
t 1620 3.10077519379845
m 0 19
0 19 2
1 7 0
2 17 17
t 1619 3.10077519379845
m 0 19
0 18 2
1 8 0
2 18 17
t 1618 3.10077519379845
m 0 19
0 18 1
1 9 0
2 18 16
t 1617 3.10077519379845
m 0 19
0 18 0
1 8 0
2 18 15
t 1616 3.10077519379845
m 0 19
0 19 0
1 9 0
2 18 14
t 1615 3.10077519379845
m 0 19
0 20 0
1 10 0
2 18 15
t 1614 3.10077519379845
m 0 19
0 21 0
1 11 0
2 18 14
t 1613 3.10077519379845
m 0 19
0 20 0
1 12 0
2 18 13
t 1612 3.10077519379845
m 0 19
0 21 0
1 13 0
2 18 14
t 1611 3.10077519379845
m 0 19
0 22 0
1 12 0
2 18 15
t 1610 3.10077519379845
m 0 19
0 21 0
1 11 0
2 18 16
t 1609 3.10077519379845
m 0 19
0 22 0
1 10 0
2 18 17
t 1608 3.10077519379845
m 0 19
0 21 0
1 9 0
2 17 17
t 1607 3.10077519379845
m 0 19
0 20 0
1 10 0
2 16 17
t 1606 3.10077519379845
m 0 19
0 21 0
1 11 0
2 16 16
t 1605 3.10077519379845
m 0 19
0 20 0
1 12 0
2 16 15
t 1604 3.10077519379845
m 0 19
0 21 0
1 11 0
2 16 16
t 1603 3.10077519379845
m 0 19
0 22 0
1 10 0
2 16 15
t 1602 3.10077519379845
m 0 19
0 23 0
1 11 0
2 15 15
t 1601 3.10077519379845
m 0 19
0 24 0
1 10 0
2 16 15
t 1600 3.10077519379845
m 0 19
0 25 0
1 11 0
2 16 16
t 1599 3.10077519379845
m 0 19
0 26 0
1 10 0
2 16 15
t 1598 3.10077519379845
m 0 19
0 27 0
1 9 0
2 16 14
t 1597 3.10077519379845
m 0 19
0 27 1
1 10 0
2 17 14
t 1596 3.10077519379845
m 0 19
0 27 0
1 11 0
2 18 14
t 1595 3.10077519379845
m 0 19
0 28 0
1 10 0
2 18 13
t 1594 3.10077519379845
m 0 19
0 27 0
1 11 0
2 18 14
t 1593 3.10077519379845
m 0 19
0 28 0
1 12 0
2 18 15
t 1592 3.10077519379845
m 0 19
0 27 0
1 11 0
2 18 14
t 1591 3.10077519379845
m 0 19
0 28 0
1 12 0
2 18 13
t 1590 3.10077519379845
m 0 19
0 27 0
1 11 0
2 19 13
t 1589 3.10077519379845
m 0 19
0 26 0
1 12 0
2 18 13
t 1588 3.10077519379845
m 0 19
0 25 0
1 13 0
2 19 13
t 1587 3.10077519379845
m 0 19
0 24 0
1 12 0
2 18 13
t 1586 3.10077519379845
m 0 19
0 23 0
1 11 0
2 18 14
t 1585 3.10077519379845
m 0 19
0 22 0
1 10 0
2 18 13
t 1584 3.10077519379845
m 0 19
0 23 0
1 11 0
2 18 14
t 1583 3.10077519379845
m 0 19
0 22 0
1 10 0
2 18 13
t 1582 3.10077519379845
m 0 19
0 21 0
1 11 0
2 19 13
t 1581 3.10077519379845
m 0 19
0 20 0
1 12 0
2 20 13
t 1580 3.10077519379845
m 0 19
0 19 0
1 11 0
2 19 13
t 1579 3.10077519379845
m 0 19
0 20 0
1 10 0
2 18 13
t 1578 3.10077519379845
m 0 19
0 19 0
1 9 0
2 19 13
t 1577 3.10077519379845
m 0 19
0 20 0
1 8 0
2 20 13
t 1576 3.10077519379845
m 0 19
0 19 0
1 7 0
2 19 13
t 1575 3.10077519379845
m 0 19
0 20 0
1 6 0
2 18 13
t 1574 3.10077519379845
m 0 19
0 19 0
1 5 0
2 19 13
t 1573 3.10077519379845
m 0 19
0 20 0
1 6 0
2 20 13
t 1572 3.10077519379845
m 0 19
0 21 0
1 5 0
2 19 13
t 1571 3.10077519379845
m 0 19
0 20 0
1 4 0
2 20 13
t 1570 3.10077519379845
m 0 19
0 19 0
1 3 0
2 19 13
t 1569 3.10077519379845
m 0 19
0 20 0
1 4 0
2 20 13
t 1568 3.10077519379845
m 0 19
0 19 0
1 5 0
2 19 13
t 1567 3.10077519379845
m 0 19
0 18 0
1 6 0
2 20 13
t 1566 3.10077519379845
m 0 19
0 18 1
1 7 0
2 21 13
t 1565 3.10077519379845
m 0 19
0 18 0
1 8 0
2 20 13
t 1564 3.10077519379845
m 0 19
0 18 1
1 7 0
2 19 13
t 1563 3.10077519379845
m 0 19
0 18 2
1 7 1
2 18 13
t 1562 3.10077519379845
m 0 19
0 18 1
1 7 0
2 18 14
t 1561 3.10077519379845
m 0 19
0 18 0
1 6 0
2 17 14
t 1560 3.10077519379845
m 0 19
0 18 1
1 5 0
2 18 14
t 1559 3.10077519379845
m 0 19
0 18 0
1 6 0
2 18 15
t 1558 3.10077519379845
m 0 19
0 18 1
1 5 0
2 18 16
t 1557 3.10077519379845
m 0 19
0 18 2
1 4 0
2 18 15
t 1556 3.10077519379845
m 0 19
0 19 2
1 5 0
2 19 15
t 1555 3.10077519379845
m 0 19
0 18 2
1 6 0
2 18 15
t 1554 3.10077519379845
m 0 19
0 18 1
1 5 0
2 18 16
t 1553 3.10077519379845
m 0 19
0 18 0
1 4 0
2 18 17
t 1552 3.10077519379845
m 0 19
0 18 1
1 3 0
2 18 16
t 1551 3.10077519379845
m 0 19
0 18 0
1 4 0
2 18 17
t 1550 3.10077519379845
m 0 19
0 18 1
1 5 0
2 19 17
t 1549 3.10077519379845
m 0 19
0 18 2
1 6 0
2 20 17
t 1548 3.10077519379845
m 0 19
0 18 1
1 7 0
2 21 17
t 1547 3.10077519379845
m 0 19
0 18 2
1 7 1
2 20 17
t 1546 3.10077519379845
m 0 19
0 19 2
1 7 0
2 19 17
t 1545 3.10077519379845
m 0 19
0 20 2
1 8 0
2 20 17
t 1544 3.10077519379845
m 0 19
0 19 2
1 9 0
2 21 17
t 1543 3.10077519379845
m 0 19
0 18 2
1 10 0
2 22 17
t 1542 3.10077519379845
m 0 19
0 18 1
1 9 0
2 22 16
t 1541 3.10077519379845
m 0 19
0 18 0
1 8 0
2 22 17
t 1540 3.10077519379845
m 0 19
0 19 0
1 7 0
2 22 16
t 1539 3.10077519379845
m 0 19
0 18 0
1 8 0
2 22 15
t 1538 3.10077519379845
m 0 19
0 19 0
1 9 0
2 22 16
t 1537 3.10077519379845
m 0 19
0 18 0
1 8 0
2 22 17
t 1536 3.10077519379845
m 0 19
0 19 0
1 9 0
2 22 16
t 1535 3.10077519379845
m 0 19
0 20 0
1 8 0
2 22 15
t 1534 3.10077519379845
m 0 19
0 21 0
1 7 0
2 21 15
t 1533 3.10077519379845
m 0 19
0 20 0
1 6 0
2 20 15
t 1532 3.10077519379845
m 0 19
0 21 0
1 5 0
2 21 15
t 1531 3.10077519379845
m 0 19
0 22 0
1 4 0
2 22 15
t 1530 3.10077519379845
m 0 19
0 21 0
1 5 0
2 23 15
t 1529 3.10077519379845
m 0 19
0 20 0
1 4 0
2 24 15
t 1528 3.10077519379845
m 0 19
0 19 0
1 3 0
2 25 15
t 1527 3.10077519379845
m 0 19
0 18 0
1 2 0
2 24 15
t 1526 3.10077519379845
m 0 19
0 19 0
1 1 0
2 23 15
t 1525 3.10077519379845
m 0 19
0 18 0
1 0 0
2 24 15
t 1524 3.10077519379845
m 1 19
0 19 0
1 0 1
2 25 15
t 1523 3.10077519379845
m 2 19
0 18 0
1 0 2
2 24 15
t 1522 3.10077519379845
m 3 19
0 18 1
1 0 3
2 25 15
t 1521 3.10077519379845
m 4 19
0 18 0
1 0 2
2 26 15
t 1520 3.10077519379845
m 5 19
0 18 1
1 0 1
2 25 15
t 1519 3.10077519379845
m 5 19
0 18 2
1 0 2
2 24 15
t 1518 3.10077519379845
m 5 19
0 18 1
1 0 1
2 25 15
t 1517 3.10077519379845
m 5 19
0 18 0
1 0 0
2 26 15
t 1516 3.10077519379845
m 5 19
0 18 1
1 1 0
2 26 14
t 1515 3.10077519379845
m 6 19
0 18 2
1 2 0
2 26 15
t 1514 3.10077519379845
m 6 19
0 19 2
1 1 0
2 25 15
t 1513 3.10077519379845
m 6 19
0 18 2
1 0 0
2 26 15
t 1512 3.10077519379845
m 6 19
0 18 1
1 0 1
2 26 14
t 1511 3.10077519379845
m 6 19
0 18 2
1 0 2
2 26 13
t 1510 3.10077519379845
m 7 19
0 19 2
1 0 3
2 26 14
t 1509 3.10077519379845
m 7 19
0 18 2
1 1 3
2 26 13
t 1508 3.10077519379845
m 8 19
0 19 2
1 0 3
2 27 13
t 1507 3.10077519379845
m 8 19
0 18 2
1 1 3
2 28 13
t 1506 3.10077519379845
m 9 19
0 19 2
1 2 3
2 27 13
t 1505 3.10077519379845
m 9 19
0 18 2
1 3 3
2 26 13
t 1504 3.10077519379845
m 9 19
0 18 1
1 2 3
2 27 13
t 1503 3.10077519379845
m 9 19
0 18 2
1 1 3
2 28 13
t 1502 3.10077519379845
m 9 19
0 18 1
1 2 3
2 27 13
t 1501 3.10077519379845
m 9 19
0 18 0
1 3 3
2 28 13
t 1500 3.10077519379845
m 10 19
0 18 1
1 4 3
2 27 13
t 1499 3.10077519379845
m 10 19
0 18 0
1 5 3
2 28 13
t 1498 3.10077519379845
m 11 19
0 18 1
1 5 4
2 27 13
t 1497 3.875968992248062
m 11 19
0 18 0
1 5 3
2 28 13
t 1496 3.875968992248062
m 11 19
0 19 0
1 4 3
2 27 13
t 1495 3.875968992248062
m 11 19
0 18 0
1 5 3
2 28 13
t 1494 3.875968992248062
m 11 19
0 19 0
1 5 4
2 29 13
t 1493 3.875968992248062
m 12 19
0 20 0
1 5 5
2 28 13
t 1492 3.875968992248062
m 12 19
0 19 0
1 5 6
2 29 13
t 1491 3.875968992248062
m 13 19
0 20 0
1 5 5
2 30 13
t 1490 3.875968992248062
m 13 19
0 21 0
1 5 4
2 31 13
t 1489 3.875968992248062
m 13 19
0 20 0
1 5 3
2 32 13
t 1488 3.875968992248062
m 13 19
0 19 0
1 6 3
2 32 12
t 1487 3.875968992248062
m 14 19
0 18 0
1 7 3
2 32 13
t 1486 4.651162790697675
m 14 19
0 19 0
1 6 3
2 32 12
t 1485 4.651162790697675
m 14 19
0 20 0
1 5 3
2 32 11
t 1484 4.651162790697675
m 14 19
0 19 0
1 5 4
2 33 11
t 1483 4.651162790697675
m 14 19
0 18 0
1 5 5
2 32 11
t 1482 4.651162790697675
m 14 19
0 19 0
1 5 6
2 32 12
t 1481 4.651162790697675
m 15 19
0 20 0
1 6 6
2 32 11
t 1480 4.651162790697675
m 16 19
0 19 0
1 5 6
2 32 12
t 1479 4.651162790697675
m 15 19
0 20 0
1 6 6
2 32 13
t 1478 4.651162790697675
m 15 19
0 21 0
1 7 6
2 31 13
t 1477 4.651162790697675
m 15 19
0 20 0
1 6 6
2 30 13
t 1476 4.651162790697675
m 15 19
0 21 0
1 5 6
2 31 13
t 1475 4.651162790697675
m 15 19
0 20 0
1 5 5
2 32 13
t 1474 4.651162790697675
m 15 19
0 19 0
1 5 6
2 31 13
t 1473 4.651162790697675
m 15 19
0 18 0
1 4 6
2 30 13
t 1472 4.651162790697675
m 14 19
0 19 0
1 5 6
2 29 13
t 1471 4.651162790697675
m 14 19
0 20 0
1 4 6
2 30 13
t 1470 4.651162790697675
m 14 19
0 21 0
1 3 6
2 31 13
t 1469 4.651162790697675
m 14 19
0 22 0
1 4 6
2 30 13
t 1468 4.651162790697675
m 14 19
0 21 0
1 5 6
2 31 13
t 1467 4.651162790697675
m 14 19
0 22 0
1 5 5
2 30 13
t 1466 4.651162790697675
m 14 19
0 23 0
1 5 6
2 31 13
t 1465 4.651162790697675
m 14 19
0 22 0
1 4 6
2 30 13
t 1464 4.651162790697675
m 14 19
0 21 0
1 3 6
2 31 13
t 1463 4.651162790697675
m 14 19
0 22 0
1 3 7
2 32 13
t 1462 4.651162790697675
m 14 19
0 23 0
1 3 6
2 31 13
t 1461 4.651162790697675
m 14 19
0 22 0
1 4 6
2 32 13
t 1460 4.651162790697675
m 14 19
0 21 0
1 3 6
2 32 14
t 1459 4.651162790697675
m 14 19
0 22 0
1 4 6
2 32 15
t 1458 4.651162790697675
m 14 19
0 21 0
1 3 6
2 32 16
t 1457 4.651162790697675
m 13 19
0 20 0
1 4 6
2 32 17
t 1456 4.651162790697675
m 13 19
0 21 0
1 3 6
2 31 17
t 1455 4.651162790697675
m 12 19
0 22 0
1 3 7
2 30 17
t 1454 4.651162790697675
m 12 19
0 23 0
1 3 6
2 31 17
t 1453 4.651162790697675
m 12 19
0 22 0
1 4 6
2 30 17
t 1452 4.651162790697675
m 12 19
0 21 0
1 5 6
2 29 17
t 1451 4.651162790697675
m 12 19
0 22 0
1 4 6
2 28 17
t 1450 4.651162790697675
m 11 19
0 21 0
1 5 6
2 27 17
t 1449 4.651162790697675
m 11 19
0 20 0
1 4 6
2 27 18
t 1448 4.651162790697675
m 10 19
0 21 0
1 3 6
2 27 17
t 1447 4.651162790697675
m 10 19
0 22 0
1 4 6
2 26 17
t 1446 4.651162790697675
m 10 19
0 23 0
1 3 6
2 27 17
t 1445 4.651162790697675
m 10 19
0 24 0
1 3 7
2 27 18
t 1444 4.651162790697675
m 10 19
0 23 0
1 3 8
2 27 17
t 1443 4.651162790697675
m 10 19
0 22 0
1 4 8
2 27 18
t 1442 4.651162790697675
m 10 19
0 23 0
1 3 8
2 27 17
t 1441 4.651162790697675
m 10 19
0 22 0
1 2 8
2 28 17
t 1440 4.651162790697675
m 10 19
0 21 0
1 3 8
2 29 17
t 1439 4.651162790697675
m 11 19
0 22 0
1 4 8
2 28 17
t 1438 4.651162790697675
m 11 19
0 23 0
1 3 8
2 27 17
t 1437 4.651162790697675
m 11 19
0 22 0
1 2 8
2 28 17
t 1436 4.651162790697675
m 11 19
0 21 0
1 1 8
2 27 17
t 1435 4.651162790697675
m 10 19
0 22 0
1 2 8
2 27 18
t 1434 4.651162790697675
m 10 19
0 21 0
1 1 8
2 27 17
t 1433 4.651162790697675
m 10 19
0 22 0
1 2 8
2 26 17
t 1432 4.651162790697675
m 10 19
0 23 0
1 1 8
2 27 17
t 1431 4.651162790697675
m 10 19
0 24 0
1 2 8
2 28 17
t 1430 4.651162790697675
m 10 19
0 23 0
1 3 8
2 27 17
t 1429 4.651162790697675
m 10 19
0 24 0
1 3 7
2 27 18
t 1428 4.651162790697675
m 10 19
0 23 0
1 3 6
2 27 19
t 1427 4.651162790697675
m 9 19
0 24 0
1 3 7
2 26 19
t 1426 4.651162790697675
m 9 19
0 23 0
1 3 8
2 25 19
t 1425 4.651162790697675
m 9 19
0 22 0
1 3 9
2 26 19
t 1424 4.651162790697675
m 9 19
0 21 0
1 3 8
2 25 19
t 1423 4.651162790697675
m 9 19
0 20 0
1 2 8
2 24 19
t 1422 4.651162790697675
m 8 19
0 21 0
1 1 8
2 25 19
t 1421 4.651162790697675
m 8 19
0 20 0
1 0 8
2 24 19
t 1420 4.651162790697675
m 7 19
0 19 0
1 0 7
2 23 19
t 1419 4.651162790697675
m 7 18
0 18 0
1 0 8
2 22 19
t 1418 4.651162790697675
m 7 18
0 18 1
1 1 8
2 21 19
t 1417 4.651162790697675
m 7 18
0 18 2
1 2 8
2 20 19
t 1416 4.651162790697675
m 7 18
0 18 1
1 1 8
2 19 19
t 1415 4.651162790697675
m 7 17
0 18 0
1 2 8
2 20 19
t 1414 4.651162790697675
m 7 17
0 18 1
1 1 8
2 19 19
t 1413 4.651162790697675
m 7 17
0 18 2
1 0 8
2 18 19
t 1412 4.651162790697675
m 6 17
0 18 1
1 1 8
2 19 19
t 1411 4.651162790697675
m 6 17
0 18 2
1 0 8
2 18 19
t 1410 4.651162790697675
m 6 17
0 18 1
1 1 8
2 18 18
t 1409 4.651162790697675
m 6 17
0 18 0
1 2 8
2 18 17
t 1408 4.651162790697675
m 6 17
0 18 1
1 1 8
2 18 18
t 1407 4.651162790697675
m 6 17
0 18 0
1 0 8
2 18 17
t 1406 4.651162790697675
m 5 17
0 19 0
1 0 7
2 17 17
t 1405 4.651162790697675
m 4 17
0 18 0
1 0 6
2 16 17
t 1404 5.426356589147287
m 3 17
0 19 0
1 0 7
2 17 17
t 1403 5.426356589147287
m 3 17
0 20 0
1 0 8
2 18 17
t 1402 5.426356589147287
m 4 17
0 19 0
1 1 8
2 19 17
t 1401 5.426356589147287
m 5 17
0 20 0
1 2 8
2 20 17
t 1400 5.426356589147287
m 6 17
0 21 0
1 3 8
2 21 17
t 1399 5.426356589147287
m 7 17
0 20 0
1 4 8
2 20 17
t 1398 5.426356589147287
m 7 18
0 21 0
1 3 8
2 19 17
t 1397 5.426356589147287
m 7 19
0 20 0
1 2 8
2 18 17
t 1396 5.426356589147287
m 6 19
0 19 0
1 3 8
2 18 18
t 1395 5.426356589147287
m 6 19
0 18 0
1 2 8
2 18 19
t 1394 5.426356589147287
m 5 19
0 18 1
1 1 8
2 18 18
t 1393 5.426356589147287
m 5 19
0 18 0
1 0 8
2 18 17
t 1392 5.426356589147287
m 5 19
0 18 1
1 0 7
2 17 17
t 1391 5.426356589147287
m 4 19
0 18 2
1 0 8
2 16 17
t 1390 5.426356589147287
m 4 19
0 19 2
1 0 7
2 16 18
t 1389 5.426356589147287
m 3 19
0 18 2
1 0 6
2 16 19
t 1388 5.426356589147287
m 2 19
0 19 2
1 0 7
2 16 18
t 1387 5.426356589147287
m 2 19
0 18 2
1 0 8
2 16 17
t 1386 5.426356589147287
m 3 19
0 18 1
1 1 8
2 15 17
t 1385 5.426356589147287
m 3 19
0 18 2
1 0 8
2 14 17
t 1384 5.426356589147287
m 3 19
0 18 1
1 0 7
2 15 17
t 1383 5.426356589147287
m 3 19
0 18 0
1 0 8
2 14 17
t 1382 5.426356589147287
m 3 19
0 19 0
1 1 8
2 15 17
t 1381 5.426356589147287
m 3 19
0 20 0
1 0 8
2 14 17
t 1380 5.426356589147287
m 3 19
0 21 0
1 1 8
2 15 17
t 1379 5.426356589147287
m 3 19
0 20 0
1 0 8
2 16 17
t 1378 5.426356589147287
m 3 19
0 21 0
1 1 8
2 16 18
t 1377 5.426356589147287
m 3 19
0 22 0
1 2 8
2 16 17
t 1376 5.426356589147287
m 4 19
0 23 0
1 3 8
2 17 17
t 1375 5.426356589147287
m 5 19
0 22 0
1 2 8
2 18 17
t 1374 5.426356589147287
m 5 19
0 23 0
1 1 8
2 18 16
t 1373 5.426356589147287
m 5 19
0 22 0
1 2 8
2 18 15
t 1372 5.426356589147287
m 6 19
0 21 0
1 3 8
2 19 15
t 1371 5.426356589147287
m 7 19
0 22 0
1 3 9
2 20 15
t 1370 5.426356589147287
m 8 19
0 21 0
1 3 10
2 19 15
t 1369 5.426356589147287
m 8 19
0 22 0
1 3 9
2 18 15
t 1368 5.426356589147287
m 8 19
0 21 0
1 3 8
2 19 15
t 1367 5.426356589147287
m 8 19
0 20 0
1 4 8
2 20 15
t 1366 5.426356589147287
m 8 19
0 21 0
1 5 8
2 21 15
t 1365 5.426356589147287
m 9 19
0 20 0
1 4 8
2 20 15
t 1364 5.426356589147287
m 9 19
0 19 0
1 5 8
2 21 15
t 1363 5.426356589147287
m 9 19
0 20 0
1 6 8
2 22 15
t 1362 5.426356589147287
m 10 19
0 21 0
1 6 9
2 21 15
t 1361 5.426356589147287
m 10 19
0 22 0
1 7 9
2 22 15
t 1360 5.426356589147287
m 11 19
0 23 0
1 8 9
2 22 16
t 1359 5.426356589147287
m 11 19
0 22 0
1 7 9
2 22 15
t 1358 5.426356589147287
m 11 19
0 23 0
1 6 9
2 23 15
t 1357 5.426356589147287
m 11 19
0 22 0
1 7 9
2 22 15
t 1356 5.426356589147287
m 11 19
0 23 0
1 8 9
2 21 15
t 1355 5.426356589147287
m 11 19
0 24 0
1 7 9
2 20 15
t 1354 5.426356589147287
m 11 19
0 23 0
1 8 9
2 19 15
t 1353 5.426356589147287
m 11 19
0 24 0
1 9 9
2 20 15
t 1352 5.426356589147287
m 11 19
0 23 0
1 8 9
2 19 15
t 1351 5.426356589147287
m 11 19
0 24 0
1 9 9
2 18 15
t 1350 5.426356589147287
m 11 19
0 23 0
1 8 9
2 19 15
t 1349 5.426356589147287
m 11 19
0 24 0
1 9 9
2 20 15
t 1348 5.426356589147287
m 11 19
0 25 0
1 8 9
2 19 15
t 1347 5.426356589147287
m 11 19
0 26 0
1 7 9
2 18 15
t 1346 5.426356589147287
m 10 19
0 25 0
1 8 9
2 18 14
t 1345 5.426356589147287
m 10 19
0 26 0
1 7 9
2 18 15
t 1344 5.426356589147287
m 10 19
0 25 0
1 8 9
2 18 14
t 1343 5.426356589147287
m 10 19
0 26 0
1 9 9
2 18 13
t 1342 5.426356589147287
m 11 19
0 27 0
1 10 9
2 19 13
t 1341 5.426356589147287
m 12 19
0 26 0
1 11 9
2 18 13
t 1340 5.426356589147287
m 12 19
0 25 0
1 11 10
2 18 14
t 1339 5.426356589147287
m 12 19
0 24 0
1 11 9
2 18 13
t 1338 5.426356589147287
m 12 19
0 23 0
1 11 10
2 18 14
t 1337 5.426356589147287
m 12 19
0 24 0
1 11 9
2 18 13
t 1336 5.426356589147287
m 12 19
0 23 0
1 11 8
2 19 13
t 1335 5.426356589147287
m 12 19
0 22 0
1 11 7
2 18 13
t 1334 5.426356589147287
m 12 19
0 21 0
1 12 7
2 18 14
t 1333 5.426356589147287
m 11 19
0 22 0
1 11 7
2 18 13
t 1332 5.426356589147287
m 10 19
0 21 0
1 12 7
2 19 13
t 1331 5.426356589147287
m 9 19
0 20 0
1 13 7
2 20 13
t 1330 5.426356589147287
m 8 19
0 21 0
1 14 7
2 21 13
t 1329 5.426356589147287
m 7 19
0 20 0
1 15 7
2 21 12
t 1328 5.426356589147287
m 6 19
0 19 0
1 14 7
2 21 11
t 1327 5.426356589147287
m 5 19
0 20 0
1 15 7
2 21 10
t 1326 5.426356589147287
m 4 19
0 19 0
1 14 7
2 21 9
t 1325 5.426356589147287
m 3 19
0 20 0
1 15 7
2 21 8
t 1324 5.426356589147287
m 2 19
0 21 0
1 14 7
2 21 9
t 1323 5.426356589147287
m 1 19
0 20 0
1 13 7
2 20 9
t 1322 5.426356589147287
m 0 19
0 21 0
1 12 7
2 21 9
t 1321 5.426356589147287
m 0 19
0 22 0
1 13 7
2 20 9
t 1320 5.426356589147287
m 0 19
0 21 0
1 13 8
2 19 9
t 1319 5.426356589147287
m 0 19
0 22 0
1 13 9
2 18 9
t 1318 5.426356589147287
m 0 19
0 21 0
1 13 10
2 17 9
t 1317 5.426356589147287
m 0 19
0 22 0
1 13 11
2 17 10
t 1316 5.426356589147287
m 0 19
0 21 0
1 13 12
2 17 9
t 1315 5.426356589147287
m 0 19
0 22 0
1 13 13
2 17 10
t 1314 5.426356589147287
m 0 19
0 21 0
1 14 13
2 17 9
t 1313 5.426356589147287
m 0 19
0 20 0
1 13 13
2 17 10
t 1312 5.426356589147287
m 0 19
0 19 0
1 14 13
2 17 9
t 1311 5.426356589147287
m 0 19
0 18 0
1 13 13
2 17 10
t 1310 5.426356589147287
m 0 19
0 18 1
1 12 13
2 17 11
t 1309 5.426356589147287
m 0 19
0 18 0
1 11 13
2 16 11
t 1308 5.426356589147287
m 0 19
0 19 0
1 11 12
2 17 11
t 1307 5.426356589147287
m 0 19
0 18 0
1 11 11
2 17 10
t 1306 5.426356589147287
m 0 19
0 18 1
1 11 12
2 17 11
t 1305 5.426356589147287
m 0 19
0 18 2
1 11 11
2 18 11
t 1304 5.426356589147287
m 0 19
0 19 2
1 11 10
2 17 11
t 1303 5.426356589147287
m 0 19
0 18 2
1 11 9
2 18 11
t 1302 5.426356589147287
m 0 19
0 19 2
1 10 9
2 19 11
t 1301 5.426356589147287
m 0 19
0 20 2
1 11 9
2 18 11
t 1300 5.426356589147287
m 0 19
0 21 2
1 11 10
2 17 11
t 1299 5.426356589147287
m 0 19
0 20 2
1 11 9
2 16 11
t 1298 5.426356589147287
m 0 19
0 19 2
1 11 8
2 17 11
t 1297 5.426356589147287
m 0 19
0 18 2
1 11 7
2 17 10
t 1296 5.426356589147287
m 0 19
0 19 2
1 10 7
2 17 11
t 1295 5.426356589147287
m 0 19
0 18 2
1 11 7
2 17 10
t 1294 5.426356589147287
m 0 19
0 18 1
1 11 8
2 17 9
t 1293 5.426356589147287
m 0 19
0 18 0
1 11 9
2 18 9
t 1292 5.426356589147287
m 0 19
0 18 1
1 10 9
2 17 9
t 1291 5.426356589147287
m 0 19
0 18 0
1 9 9
2 17 10
t 1290 5.426356589147287
m 0 19
0 18 1
1 10 9
2 17 9
t 1289 5.426356589147287
m 0 19
0 18 2
1 9 9
2 16 9
t 1288 5.426356589147287
m 0 19
0 18 1
1 8 9
2 15 9
t 1287 5.426356589147287
m 0 19
0 18 0
1 7 9
2 16 9
t 1286 5.426356589147287
m 0 19
0 19 0
1 8 9
2 15 9
t 1285 5.426356589147287
m 0 19
0 18 0
1 7 9
2 14 9
t 1284 5.426356589147287
m 0 19
0 19 0
1 6 9
2 13 9
t 1283 5.426356589147287
m 0 19
0 20 0
1 6 8
2 13 8
t 1282 5.426356589147287
m 0 19
0 21 0
1 6 9
2 13 7
t 1281 5.426356589147287
m 0 19
0 22 0
1 6 8
2 12 7
t 1280 5.426356589147287
m 0 19
0 23 0
1 5 8
2 11 7
t 1279 5.426356589147287
m 0 19
0 22 0
1 4 8
2 10 7
t 1278 5.426356589147287
m 0 19
0 21 0
1 5 8
2 9 7
t 1277 5.426356589147287
m 0 19
0 22 0
1 6 8
2 10 7
t 1276 5.426356589147287
m 0 19
0 23 0
1 6 9
2 9 7
t 1275 5.426356589147287
m 0 19
0 22 0
1 7 9
2 9 6
t 1274 5.426356589147287
m 0 19
0 23 0
1 6 9
2 9 5
t 1273 5.426356589147287
m 0 19
0 24 0
1 6 10
2 9 4
t 1272 5.426356589147287
m 0 19
0 23 0
1 6 11
2 9 3
t 1271 5.426356589147287
m 0 19
0 22 0
1 6 10
2 9 2
t 1270 5.426356589147287
m 0 19
0 21 0
1 6 11
2 10 2
t 1269 5.426356589147287
m 0 19
0 20 0
1 7 11
2 9 2
t 1268 5.426356589147287
m 0 19
0 21 0
1 8 11
2 9 3
t 1267 5.426356589147287
m 0 19
0 20 0
1 7 11
2 8 3
t 1266 5.426356589147287
m 0 19
0 21 0
1 8 11
2 7 3
t 1265 5.426356589147287
m 0 19
0 22 0
1 7 11
2 6 3
t 1264 5.426356589147287
m 0 19
0 21 0
1 8 11
2 5 3
t 1263 5.426356589147287
m 0 19
0 22 0
1 7 11
2 5 4
t 1262 5.426356589147287
m 0 19
0 21 0
1 8 11
2 5 3
t 1261 5.426356589147287
m 0 19
0 22 0
1 7 11
2 4 3
t 1260 5.426356589147287
m 0 19
0 23 0
1 8 11
2 5 3
t 1259 5.426356589147287
m 0 19
0 22 0
1 9 11
2 4 3
t 1258 5.426356589147287
m 0 19
0 23 0
1 10 11
2 5 3
t 1257 5.426356589147287
m 0 19
0 24 0
1 9 11
2 6 3
t 1256 5.426356589147287
m 0 19
0 23 0
1 10 11
2 5 3
t 1255 5.426356589147287
m 0 19
0 24 0
1 9 11
2 4 3
t 1254 5.426356589147287
m 0 19
0 25 0
1 8 11
2 3 3
t 1253 5.426356589147287
m 0 19
0 24 0
1 9 11
2 2 3
t 1252 5.426356589147287
m 0 19
0 23 0
1 10 11
2 3 3
t 1251 5.426356589147287
m 0 19
0 24 0
1 9 11
2 4 3
t 1250 5.426356589147287
m 0 19
0 23 0
1 8 11
2 5 3
t 1249 5.426356589147287
m 0 19
0 24 0
1 7 11
2 5 4
t 1248 5.426356589147287
m 0 19
0 25 0
1 6 11
2 5 5
t 1247 5.426356589147287
m 0 19
0 26 0
1 5 11
2 5 4
t 1246 5.426356589147287
m 0 19
0 27 0
1 4 11
2 5 3
t 1245 5.426356589147287
m 0 19
0 27 1
1 3 11
2 6 3
t 1244 5.426356589147287
m 0 19
0 27 0
1 4 11
2 7 3
t 1243 5.426356589147287
m 0 19
0 28 0
1 3 11
2 6 3
t 1242 5.426356589147287
m 0 19
0 27 0
1 2 11
2 7 3
t 1241 5.426356589147287
m 0 19
0 27 1
1 2 12
2 7 2
t 1240 5.426356589147287
m 0 19
0 27 0
1 2 13
2 7 3
t 1239 5.426356589147287
m 0 19
0 28 0
1 2 12
2 8 3
t 1238 5.426356589147287
m 0 19
0 29 0
1 2 11
2 7 3
t 1237 5.426356589147287
m 0 19
0 28 0
1 3 11
2 6 3
t 1236 5.426356589147287
m 0 19
0 27 0
1 4 11
2 5 3
t 1235 5.426356589147287
m 0 19
0 28 0
1 5 11
2 4 3
t 1234 5.426356589147287
m 0 19
0 27 0
1 4 11
2 3 3
t 1233 5.426356589147287
m 0 19
0 27 1
1 5 11
2 4 3
t 1232 5.426356589147287
m 0 19
0 27 2
1 4 11
2 3 3
t 1231 5.426356589147287
m 0 19
0 27 1
1 5 11
2 2 3
t 1230 5.426356589147287
m 0 19
0 27 0
1 4 11
2 1 3
t 1229 5.426356589147287
m 0 19
0 27 1
1 3 11
2 0 3
t 1228 5.426356589147287
m 0 19
0 27 2
1 4 11
2 1 3
t 1227 5.426356589147287
m 0 19
0 27 3
1 3 11
2 2 3
t 1226 5.426356589147287
m 0 19
0 27 2
1 2 11
2 3 3
t 1225 5.426356589147287
m 0 19
0 27 1
1 2 12
2 4 3
t 1224 5.426356589147287
m 0 19
0 27 2
1 2 11
2 5 3
t 1223 5.426356589147287
m 0 19
0 27 3
1 1 11
2 6 3
t 1222 5.426356589147287
m 0 19
0 27 2
1 0 11
2 5 3
t 1221 5.426356589147287
m 1 19
0 27 3
1 0 12
2 5 4
t 1220 5.426356589147287
m 2 19
0 27 2
1 0 13
2 5 3
t 1219 5.426356589147287
m 3 19
0 27 3
1 0 12
2 4 3
t 1218 5.426356589147287
m 4 19
0 27 2
1 0 11
2 5 3
t 1217 5.426356589147287
m 5 19
0 27 3
1 0 12
2 5 4
t 1216 5.426356589147287
m 6 19
0 28 3
1 0 13
2 5 3
t 1215 5.426356589147287
m 7 19
0 27 3
1 0 12
2 6 3
t 1214 5.426356589147287
m 8 19
0 26 3
1 0 11
2 7 3
t 1213 5.426356589147287
m 9 19
0 27 3
1 0 12
2 8 3
t 1212 5.426356589147287
m 10 19
0 27 2
1 0 13
2 7 3
t 1211 5.426356589147287
m 11 19
0 27 3
1 0 12
2 6 3
t 1210 5.426356589147287
m 12 19
0 26 3
1 0 13
2 7 3
t 1209 5.426356589147287
m 13 19
0 27 3
1 0 14
2 7 2
t 1208 5.426356589147287
m 14 19
0 26 3
1 0 15
2 7 3
t 1207 5.426356589147287
m 15 19
0 25 3
1 0 16
2 6 3
t 1206 5.426356589147287
m 16 19
0 25 2
1 0 15
2 7 3
t 1205 5.426356589147287
m 16 19
0 25 3
1 1 15
2 7 2
t 1204 5.426356589147287
m 16 19
0 25 4
1 0 15
2 7 3
t 1203 5.426356589147287
m 16 19
0 25 5
1 0 16
2 6 3
t 1202 5.426356589147287
m 16 19
0 24 5
1 0 17
2 5 3
t 1201 5.426356589147287
m 16 19
0 23 5
1 0 16
2 6 3
t 1200 5.426356589147287
m 16 19
0 24 5
1 0 17
2 5 3
t 1199 5.426356589147287
m 16 19
0 25 5
1 0 18
2 5 4
t 1198 5.426356589147287
m 16 19
0 24 5
1 0 19
2 5 3
t 1197 5.426356589147287
m 16 18
0 25 5
1 1 19
2 5 4
t 1196 5.426356589147287
m 16 17
0 25 4
1 0 19
2 5 3
t 1195 6.2015503875969
m 17 17
0 25 3
1 0 18
2 6 3
t 1194 6.2015503875969
m 18 17
0 25 4
1 0 19
2 5 3
t 1193 6.2015503875969
m 18 17
0 25 5
1 0 18
2 6 3
t 1192 6.2015503875969
m 18 17
0 25 4
1 0 19
2 5 3
t 1191 6.2015503875969
m 18 17
0 25 5
1 1 19
2 6 3
t 1190 6.2015503875969
m 18 17
0 25 4
1 0 19
2 5 3
t 1189 6.2015503875969
m 18 17
0 25 5
1 0 18
2 5 4
t 1188 6.2015503875969
m 18 17
0 24 5
1 0 17
2 5 3
t 1187 6.2015503875969
m 18 18
0 23 5
1 0 18
2 5 4
t 1186 6.976744186046512
m 18 19
0 24 5
1 0 19
2 5 5
t 1185 6.976744186046512
m 19 19
0 25 5
1 0 18
2 5 4
t 1184 6.976744186046512
m 19 19
0 25 4
1 0 17
2 5 5
t 1183 6.976744186046512
m 19 19
0 25 5
1 0 16
2 5 4
t 1182 6.976744186046512
m 18 19
0 25 4
1 0 15
2 5 5
t 1181 6.976744186046512
m 18 19
0 25 5
1 1 15
2 5 6
t 1180 6.976744186046512
m 18 19
0 25 4
1 0 15
2 6 6
t 1179 6.976744186046512
m 18 19
0 25 5
1 0 16
2 7 6
t 1178 6.976744186046512
m 18 19
0 25 4
1 0 15
2 8 6
t 1177 6.976744186046512
m 18 19
0 25 3
1 0 16
2 9 6
t 1176 6.976744186046512
m 19 19
0 25 4
1 0 17
2 9 7
t 1175 6.976744186046512
m 19 19
0 25 5
1 0 16
2 9 6
t 1174 6.976744186046512
m 18 19
0 25 4
1 0 17
2 8 6
t 1173 6.976744186046512
m 19 19
0 25 3
1 0 16
2 7 6
t 1172 6.976744186046512
m 19 19
0 26 3
1 0 15
2 6 6
t 1171 6.976744186046512
m 19 19
0 27 3
1 0 16
2 5 6
t 1170 6.976744186046512
m 20 19
0 28 3
1 0 17
2 6 6
t 1169 7.751937984496124
m 21 19
0 29 3
1 0 18
2 5 6
t 1168 7.751937984496124
m 22 19
0 29 4
1 0 19
2 4 6
t 1167 7.751937984496124
m 22 19
0 29 5
1 1 19
2 5 6
t 1166 7.751937984496124
m 22 19
0 29 4
1 2 19
2 5 5
t 1165 7.751937984496124
m 23 19
0 29 5
1 3 19
2 5 4
t 1164 8.527131782945736
m 23 19
0 29 4
1 4 19
2 5 5
t 1163 8.527131782945736
m 24 19
0 29 3
1 5 19
2 5 6
t 1162 8.527131782945736
m 25 19
0 30 3
1 4 19
2 6 6
t 1161 8.527131782945736
m 25 19
0 31 3
1 5 19
2 5 6
t 1160 8.527131782945736
m 26 19
0 32 3
1 6 19
2 5 5
t 1159 9.30232558139535
m 27 19
0 33 3
1 5 19
2 5 6
t 1158 9.30232558139535
m 27 19
0 32 3
1 6 19
2 6 6
t 1157 9.30232558139535
m 27 19
0 33 3
1 7 19
2 7 6
t 1156 9.30232558139535
m 28 19
0 34 3
1 6 19
2 6 6
t 1155 9.30232558139535
m 28 19
0 33 3
1 7 19
2 5 6
t 1154 9.30232558139535
m 28 19
0 34 3
1 7 18
2 5 5
t 1153 9.30232558139535
m 28 19
0 33 3
1 7 17
2 5 4
t 1152 9.30232558139535
m 27 19
0 32 3
1 8 17
2 5 5
t 1151 9.30232558139535
m 27 19
0 33 3
1 7 17
2 5 4
t 1150 9.30232558139535
m 27 19
0 34 3
1 8 17
2 5 5
t 1149 9.30232558139535
m 28 19
0 34 4
1 7 17
2 5 6
t 1148 9.30232558139535
m 27 19
0 34 3
1 7 18
2 6 6
t 1147 9.30232558139535
m 28 19
0 34 2
1 7 17
2 5 6
t 1146 9.30232558139535
m 28 19
0 34 1
1 6 17
2 4 6
t 1145 9.30232558139535
m 28 19
0 34 2
1 5 17
2 5 6
t 1144 9.30232558139535
m 27 19
0 34 3
1 6 17
2 5 5
t 1143 9.30232558139535
m 27 19
0 34 4
1 7 17
2 5 6
t 1142 9.30232558139535
m 27 19
0 34 5
1 7 18
2 5 5
t 1141 9.30232558139535
m 27 19
0 34 4
1 7 17
2 5 4
t 1140 9.30232558139535
m 27 19
0 34 5
1 7 18
2 5 5
t 1139 9.30232558139535
m 27 19
0 34 4
1 7 19
2 5 6
t 1138 9.30232558139535
m 28 19
0 34 3
1 7 18
2 4 6
t 1137 9.30232558139535
m 28 19
0 33 3
1 7 17
2 5 6
t 1136 9.30232558139535
m 27 19
0 34 3
1 6 17
2 4 6
t 1135 9.30232558139535
m 27 19
0 34 2
1 5 17
2 5 6
t 1134 9.30232558139535
m 27 19
0 34 1
1 6 17
2 6 6
t 1133 9.30232558139535
m 28 19
0 34 2
1 7 17
2 7 6
t 1132 9.30232558139535
m 28 19
0 34 3
1 6 17
2 8 6
t 1131 9.30232558139535
m 27 19
0 34 2
1 7 17
2 7 6
t 1130 9.30232558139535
m 28 19
0 34 1
1 8 17
2 6 6
t 1129 9.30232558139535
m 29 19
0 34 0
1 9 17
2 5 6
t 1128 10.077519379844961
m 30 19
0 34 1
1 8 17
2 4 6
t 1127 10.077519379844961
m 29 19
0 34 0
1 7 17
2 5 6
t 1126 10.077519379844961
m 29 19
0 34 1
1 7 18
2 4 6
t 1125 10.077519379844961
m 29 19
0 34 2
1 7 17
2 5 6
t 1124 10.077519379844961
m 28 19
0 34 1
1 6 17
2 4 6
t 1123 10.077519379844961
m 28 19
0 34 0
1 5 17
2 5 6
t 1122 10.077519379844961
m 28 19
0 33 0
1 4 17
2 6 6
t 1121 10.077519379844961
m 27 19
0 34 0
1 3 17
2 5 6
t 1120 10.077519379844961
m 27 19
0 33 0
1 4 17
2 6 6
t 1119 10.077519379844961
m 27 19
0 34 0
1 5 17
2 5 6
t 1118 10.077519379844961
m 28 19
0 33 0
1 4 17
2 6 6
t 1117 10.077519379844961
m 27 19
0 34 0
1 5 17
2 5 6
t 1116 10.077519379844961
m 28 19
0 34 1
1 6 17
2 4 6
t 1115 10.077519379844961
m 28 19
0 34 2
1 5 17
2 5 6
t 1114 10.077519379844961
m 27 19
0 34 1
1 4 17
2 5 5
t 1113 10.077519379844961
m 27 19
0 34 2
1 3 17
2 5 4
t 1112 10.077519379844961
m 26 19
0 34 1
1 4 17
2 5 5
t 1111 10.077519379844961
m 27 19
0 34 0
1 5 17
2 5 4
t 1110 10.077519379844961
m 28 19
0 34 1
1 6 17
2 5 3
t 1109 10.077519379844961
m 28 19
0 34 2
1 7 17
2 4 3
t 1108 10.077519379844961
m 28 19
0 34 3
1 8 17
2 3 3
t 1107 10.077519379844961
m 28 19
0 33 3
1 7 17
2 4 3
t 1106 10.077519379844961
m 27 19
0 32 3
1 7 18
2 5 3
t 1105 10.077519379844961
m 27 19
0 31 3
1 7 19
2 4 3
t 1104 10.077519379844961
m 27 19
0 32 3
1 6 19
2 5 3
t 1103 10.077519379844961
m 27 19
0 33 3
1 5 19
2 5 4
t 1102 10.077519379844961
m 27 19
0 34 3
1 4 19
2 5 3
t 1101 10.077519379844961
m 27 19
0 34 4
1 3 19
2 6 3
t 1100 10.077519379844961
m 26 19
0 34 3
1 4 19
2 7 3
t 1099 10.077519379844961
m 27 19
0 33 3
1 5 19
2 6 3
t 1098 10.077519379844961
m 27 19
0 32 3
1 4 19
2 5 3
t 1097 10.077519379844961
m 26 19
0 33 3
1 5 19
2 6 3
t 1096 10.077519379844961
m 27 19
0 32 3
1 4 19
2 5 3
t 1095 10.077519379844961
m 26 19
0 31 3
1 3 19
2 4 3
t 1094 10.077519379844961
m 25 19
0 32 3
1 2 19
2 5 3
t 1093 10.077519379844961
m 25 19
0 33 3
1 1 19
2 5 4
t 1092 10.077519379844961
m 25 19
0 32 3
1 2 19
2 5 3
t 1091 10.077519379844961
m 25 19
0 33 3
1 1 19
2 6 3
t 1090 10.077519379844961
m 25 19
0 34 3
1 0 19
2 5 3
t 1089 10.077519379844961
m 25 19
0 33 3
1 1 19
2 5 4
t 1088 10.077519379844961
m 25 19
0 32 3
1 0 19
2 5 5
t 1087 10.077519379844961
m 24 19
0 31 3
1 0 18
2 5 4
t 1086 10.077519379844961
m 23 19
0 30 3
1 0 17
2 5 5
t 1085 10.077519379844961
m 22 19
0 31 3
1 0 18
2 5 6
t 1084 10.077519379844961
m 23 19
0 30 3
1 0 17
2 6 6
t 1083 10.077519379844961
m 22 19
0 31 3
1 0 16
2 7 6
t 1082 10.077519379844961
m 22 19
0 30 3
1 0 15
2 6 6
t 1081 10.077519379844961
m 21 19
0 29 3
1 0 14
2 7 6
t 1080 10.077519379844961
m 20 19
0 29 4
1 0 13
2 8 6
t 1079 10.077519379844961
m 20 19
0 29 5
1 0 14
2 7 6
t 1078 10.077519379844961
m 19 19
0 29 6
1 0 15
2 6 6
t 1077 10.077519379844961
m 19 19
0 30 6
1 1 15
2 5 6
t 1076 10.077519379844961
m 20 19
0 31 6
1 2 15
2 6 6
t 1075 10.077519379844961
m 21 19
0 30 6
1 1 15
2 7 6
t 1074 10.077519379844961
m 20 19
0 31 6
1 2 15
2 6 6
t 1073 10.077519379844961
m 21 19
0 31 7
1 3 15
2 7 6
t 1072 10.077519379844961
m 21 19
0 31 8
1 4 15
2 8 6
t 1071 10.077519379844961
m 21 19
0 32 8
1 3 15
2 7 6
t 1070 10.077519379844961
m 21 19
0 33 8
1 4 15
2 8 6
t 1069 10.077519379844961
m 22 19
0 32 8
1 3 15
2 9 6
t 1068 10.077519379844961
m 21 19
0 33 8
1 2 15
2 8 6
t 1067 10.077519379844961
m 21 19
0 32 8
1 2 14
2 9 6
t 1066 10.077519379844961
m 20 19
0 31 8
1 2 15
2 8 6
t 1065 10.077519379844961
m 20 19
0 30 8
1 3 15
2 9 6
t 1064 10.077519379844961
m 20 19
0 29 8
1 4 15
2 8 6
t 1063 10.077519379844961
m 20 19
0 30 8
1 3 15
2 9 6
t 1062 10.077519379844961
m 20 19
0 31 8
1 4 15
2 9 5
t 1061 10.077519379844961
m 21 19
0 31 7
1 3 15
2 10 5
t 1060 10.077519379844961
m 21 19
0 31 8
1 2 15
2 11 5
t 1059 10.077519379844961
m 20 19
0 31 7
1 2 16
2 10 5
t 1058 10.077519379844961
m 21 19
0 31 8
1 2 15
2 9 5
t 1057 10.077519379844961
m 20 19
0 31 7
1 2 14
2 10 5
t 1056 10.077519379844961
m 20 19
0 31 8
1 2 13
2 11 5
t 1055 10.077519379844961
m 20 19
0 32 8
1 3 13
2 12 5
t 1054 10.077519379844961
m 20 19
0 31 8
1 4 13
2 13 5
t 1053 10.077519379844961
m 20 19
0 31 9
1 3 13
2 13 4
t 1052 10.077519379844961
m 20 19
0 31 8
1 4 13
2 13 3
t 1051 10.077519379844961
m 20 19
0 32 8
1 5 13
2 13 2
t 1050 10.077519379844961
m 21 19
0 33 8
1 4 13
2 14 2
t 1049 10.077519379844961
m 21 19
0 32 8
1 3 13
2 13 2
t 1048 10.077519379844961
m 20 19
0 31 8
1 2 13
2 13 3
t 1047 10.077519379844961
m 20 19
0 31 9
1 3 13
2 13 2
t 1046 10.077519379844961
m 19 19
0 31 8
1 2 13
2 14 2
t 1045 10.077519379844961
m 19 19
0 31 7
1 2 14
2 13 2
t 1044 10.077519379844961
m 20 19
0 31 6
1 2 15
2 14 2
t 1043 10.077519379844961
m 21 19
0 31 7
1 3 15
2 15 2
t 1042 10.077519379844961
m 21 19
0 31 8
1 4 15
2 14 2
t 1041 10.077519379844961
m 21 19
0 31 7
1 3 15
2 13 2
t 1040 10.077519379844961
m 21 19
0 31 8
1 2 15
2 12 2
t 1039 10.077519379844961
m 20 19
0 31 7
1 2 14
2 11 2
t 1038 10.077519379844961
m 20 19
0 31 8
1 2 13
2 10 2
t 1037 10.077519379844961
m 19 19
0 31 9
1 2 12
2 11 2
t 1036 10.077519379844961
m 18 19
0 31 8
1 2 13
2 10 2
t 1035 10.077519379844961
m 19 19
0 30 8
1 3 13
2 9 2
t 1034 10.077519379844961
m 19 19
0 29 8
1 2 13
2 9 3
t 1033 10.077519379844961
m 18 19
0 28 8
1 2 12
2 9 4
t 1032 10.077519379844961
m 18 19
0 28 9
1 2 11
2 9 5
t 1031 10.077519379844961
m 18 19
0 28 10
1 3 11
2 9 6
t 1030 10.077519379844961
m 18 19
0 28 11
1 4 11
2 9 5
t 1029 10.077519379844961
m 18 19
0 29 11
1 3 11
2 9 6
t 1028 10.077519379844961
m 18 19
0 30 11
1 4 11
2 9 5
t 1027 10.077519379844961
m 18 19
0 31 11
1 5 11
2 9 6
t 1026 10.077519379844961
m 18 19
0 30 11
1 4 11
2 8 6
t 1025 10.077519379844961
m 18 19
0 29 11
1 5 11
2 9 6
t 1024 10.077519379844961
m 18 19
0 28 11
1 4 11
2 8 6
t 1023 10.077519379844961
m 18 19
0 28 10
1 5 11
2 9 6
t 1022 10.077519379844961
m 18 19
0 28 11
1 4 11
2 9 7
t 1021 10.077519379844961
m 18 19
0 28 10
1 3 11
2 10 7
t 1020 10.077519379844961
m 18 19
0 28 9
1 3 10
2 11 7
t 1019 10.077519379844961
m 18 19
0 28 8
1 3 9
2 11 8
t 1018 10.077519379844961
m 19 19
0 28 9
1 3 8
2 11 9
t 1017 10.077519379844961
m 19 19
0 28 8
1 4 8
2 10 9
t 1016 10.077519379844961
m 19 19
0 28 9
1 5 8
2 9 9
t 1015 10.077519379844961
m 19 19
0 27 9
1 6 8
2 10 9
t 1014 10.077519379844961
m 19 19
0 26 9
1 6 9
2 9 9
t 1013 10.077519379844961
m 18 19
0 25 9
1 6 10
2 10 9
t 1012 10.077519379844961
m 18 19
0 26 9
1 6 11
2 11 9
t 1011 10.077519379844961
m 18 19
0 27 9
1 6 10
2 10 9
t 1010 10.077519379844961
m 18 19
0 26 9
1 6 11
2 9 9
t 1009 10.077519379844961
m 18 19
0 25 9
1 7 11
2 10 9
t 1008 10.077519379844961
m 18 19
0 24 9
1 8 11
2 11 9
t 1007 10.077519379844961
m 18 19
0 25 9
1 7 11
2 11 8
t 1006 10.077519379844961
m 18 19
0 26 9
1 6 11
2 11 9
t 1005 10.077519379844961
m 18 19
0 27 9
1 6 10
2 11 8
t 1004 10.077519379844961
m 18 19
0 28 9
1 6 11
2 11 9
t 1003 10.077519379844961
m 19 19
0 28 10
1 6 10
2 11 8
t 1002 10.077519379844961
m 19 19
0 28 11
1 6 9
2 11 7
t 1001 10.077519379844961
m 18 19
0 29 11
1 7 9
2 10 7
t 1000 10.077519379844961
m 18 19
0 28 11
1 8 9
2 9 7
t 999 10.077519379844961
m 18 19
0 28 10
1 9 9
2 9 6
t 998 10.077519379844961
m 18 19
0 28 11
1 8 9
2 9 5
t 997 10.077519379844961
m 18 19
0 28 10
1 7 9
2 10 5
t 996 10.077519379844961
m 18 19
0 28 11
1 8 9
2 9 5
t 995 10.077519379844961
m 18 19
0 27 11
1 9 9
2 9 4
t 994 10.077519379844961
m 18 19
0 26 11
1 8 9
2 9 5
t 993 10.077519379844961
m 18 19
0 25 11
1 9 9
2 9 6
t 992 10.077519379844961
m 18 19
0 26 11
1 8 9
2 8 6
t 991 10.077519379844961
m 18 19
0 27 11
1 9 9
2 7 6
t 990 10.077519379844961
m 18 19
0 26 11
1 8 9
2 6 6
t 989 10.077519379844961
m 18 19
0 25 11
1 7 9
2 5 6
t 988 10.077519379844961
m 18 19
0 26 11
1 8 9
2 5 5
t 987 10.077519379844961
m 18 19
0 27 11
1 9 9
2 5 6
t 986 10.077519379844961
m 18 19
0 26 11
1 10 9
2 6 6
t 985 10.077519379844961
m 18 19
0 27 11
1 11 9
2 7 6
t 984 10.077519379844961
m 18 19
0 28 11
1 11 10
2 6 6
t 983 10.077519379844961
m 19 19
0 27 11
1 11 9
2 5 6
t 982 10.077519379844961
m 18 19
0 28 11
1 10 9
2 6 6
t 981 10.077519379844961
m 18 19
0 28 10
1 9 9
2 7 6
t 980 10.077519379844961
m 18 19
0 28 11
1 8 9
2 6 6
t 979 10.077519379844961
m 18 19
0 27 11
1 7 9
2 7 6
t 978 10.077519379844961
m 18 19
0 28 11
1 8 9
2 8 6
t 977 10.077519379844961
m 18 19
0 27 11
1 9 9
2 9 6
t 976 10.077519379844961
m 18 19
0 26 11
1 8 9
2 9 5
t 975 10.077519379844961
m 18 19
0 27 11
1 7 9
2 9 6
t 974 10.077519379844961
m 18 19
0 28 11
1 8 9
2 8 6
t 973 10.077519379844961
m 18 19
0 27 11
1 7 9
2 9 6
t 972 10.077519379844961
m 18 19
0 28 11
1 8 9
2 9 7
t 971 10.077519379844961
m 18 19
0 27 11
1 9 9
2 9 6
t 970 10.077519379844961
m 18 19
0 26 11
1 8 9
2 9 5
t 969 10.077519379844961
m 18 19
0 25 11
1 7 9
2 10 5
t 968 10.077519379844961
m 18 19
0 24 11
1 8 9
2 9 5
t 967 10.077519379844961
m 18 19
0 25 11
1 7 9
2 10 5
t 966 10.077519379844961
m 18 19
0 26 11
1 8 9
2 9 5
t 965 10.077519379844961
m 18 19
0 25 11
1 9 9
2 9 4
t 964 10.077519379844961
m 18 19
0 26 11
1 8 9
2 9 3
t 963 10.077519379844961
m 18 19
0 25 11
1 7 9
2 8 3
t 962 10.077519379844961
m 18 19
0 24 11
1 8 9
2 9 3
t 961 10.077519379844961
m 18 19
0 23 11
1 7 9
2 8 3
t 960 10.077519379844961
m 18 19
0 24 11
1 6 9
2 7 3
t 959 10.077519379844961
m 18 19
0 25 11
1 6 10
2 6 3
t 958 10.077519379844961
m 18 19
0 26 11
1 6 9
2 5 3
t 957 10.077519379844961
m 18 19
0 25 11
1 6 8
2 6 3
t 956 10.077519379844961
m 18 19
0 24 11
1 5 8
2 5 3
t 955 10.077519379844961
m 18 19
0 23 11
1 6 8
2 6 3
t 954 10.077519379844961
m 18 19
0 23 12
1 6 9
2 7 3
t 953 10.077519379844961
m 18 19
0 23 13
1 6 10
2 7 2
t 952 10.077519379844961
m 18 19
0 24 13
1 6 9
2 7 1
t 951 10.077519379844961
m 18 19
0 25 13
1 6 8
2 7 0
t 950 10.077519379844961
m 18 19
0 24 13
1 6 9
2 7 1
t 949 10.077519379844961
m 18 19
0 23 13
1 7 9
2 7 2
t 948 10.077519379844961
m 18 19
0 24 13
1 6 9
2 7 1
t 947 10.077519379844961
m 18 19
0 25 13
1 7 9
2 7 2
t 946 10.077519379844961
m 18 19
0 26 13
1 8 9
2 7 1
t 945 10.077519379844961
m 18 19
0 26 14
1 7 9
2 7 0
t 944 10.077519379844961
m 18 19
0 26 15
1 6 9
2 7 1
t 943 10.077519379844961
m 18 19
0 25 15
1 7 9
2 7 0
t 942 10.077519379844961
m 18 19
0 24 15
1 8 9
2 6 0
t 941 10.077519379844961
m 18 19
0 25 15
1 7 9
2 7 0
t 940 10.077519379844961
m 18 19
0 24 15
1 8 9
2 7 1
t 939 10.077519379844961
m 18 19
0 25 15
1 9 9
2 7 2
t 938 10.077519379844961
m 18 19
0 26 15
1 8 9
2 7 3
t 937 10.077519379844961
m 18 19
0 26 14
1 7 9
2 7 2
t 936 10.077519379844961
m 18 19
0 26 13
1 8 9
2 7 3
t 935 10.077519379844961
m 18 19
0 25 13
1 9 9
2 6 3
t 934 10.077519379844961
m 18 19
0 26 13
1 8 9
2 5 3
t 933 10.077519379844961
m 18 19
0 26 14
1 9 9
2 5 4
t 932 10.077519379844961
m 18 19
0 26 13
1 8 9
2 5 5
t 931 10.077519379844961
m 18 19
0 27 13
1 7 9
2 5 6
t 930 10.077519379844961
m 18 19
0 28 13
1 8 9
2 5 5
t 929 10.077519379844961
m 18 19
0 29 13
1 9 9
2 5 6
t 928 10.077519379844961
m 18 19
0 30 13
1 10 9
2 4 6
t 927 10.077519379844961
m 18 19
0 31 13
1 9 9
2 3 6
t 926 10.077519379844961
m 18 19
0 32 13
1 8 9
2 4 6
t 925 10.077519379844961
m 18 19
0 31 13
1 9 9
2 3 6
t 924 10.077519379844961
m 18 19
0 30 13
1 10 9
2 3 7
t 923 10.077519379844961
m 18 19
0 29 13
1 11 9
2 3 6
t 922 10.077519379844961
m 18 19
0 28 13
1 10 9
2 3 7
t 921 10.077519379844961
m 18 19
0 29 13
1 9 9
2 3 8
t 920 10.077519379844961
m 18 19
0 28 13
1 8 9
2 4 8
t 919 10.077519379844961
m 18 19
0 29 13
1 9 9
2 5 8
t 918 10.077519379844961
m 18 19
0 28 13
1 8 9
2 6 8
t 917 10.077519379844961
m 18 19
0 27 13
1 7 9
2 5 8
t 916 10.077519379844961
m 18 19
0 26 13
1 8 9
2 4 8
t 915 10.077519379844961
m 18 19
0 25 13
1 7 9
2 5 8
t 914 10.077519379844961
m 18 19
0 24 13
1 6 9
2 6 8
t 913 10.077519379844961
m 18 19
0 23 13
1 6 10
2 5 8
t 912 10.077519379844961
m 18 19
0 22 13
1 6 9
2 6 8
t 911 10.077519379844961
m 18 19
0 21 13
1 7 9
2 6 9
t 910 10.077519379844961
m 18 19
0 22 13
1 6 9
2 7 9
t 909 10.077519379844961
m 18 19
0 21 13
1 6 8
2 8 9
t 908 10.077519379844961
m 18 19
0 20 13
1 5 8
2 7 9
t 907 10.077519379844961
m 18 19
0 21 13
1 4 8
2 8 9
t 906 10.077519379844961
m 18 19
0 20 13
1 5 8
2 9 9
t 905 10.077519379844961
m 18 19
0 21 13
1 4 8
2 8 9
t 904 10.077519379844961
m 18 19
0 20 13
1 3 8
2 7 9
t 903 10.077519379844961
m 18 19
0 19 13
1 3 7
2 6 9
t 902 10.077519379844961
m 18 19
0 20 13
1 3 8
2 6 10
t 901 10.077519379844961
m 18 19
0 21 13
1 2 8
2 6 11
t 900 10.077519379844961
m 18 19
0 20 13
1 3 8
2 6 10
t 899 10.077519379844961
m 18 19
0 19 13
1 3 9
2 6 11
t 898 10.077519379844961
m 18 19
0 18 13
1 3 10
2 6 10
t 897 10.077519379844961
m 19 19
0 18 14
1 3 11
2 6 11
t 896 10.077519379844961
m 20 19
0 17 14
1 2 11
2 5 11
t 895 10.077519379844961
m 21 19
0 18 14
1 3 11
2 6 11
t 894 10.077519379844961
m 22 19
0 18 15
1 3 10
2 7 11
t 893 10.077519379844961
m 23 19
0 19 15
1 3 9
2 8 11
t 892 10.077519379844961
m 24 19
0 20 15
1 3 8
2 7 11
t 891 10.077519379844961
m 25 19
0 19 15
1 2 8
2 6 11
t 890 10.077519379844961
m 26 19
0 20 15
1 1 8
2 7 11
t 889 10.077519379844961
m 27 19
0 21 15
1 2 8
2 8 11
t 888 10.077519379844961
m 28 19
0 20 15
1 1 8
2 7 11
t 887 10.077519379844961
m 29 19
0 21 15
1 2 8
2 8 11
t 886 10.077519379844961
m 30 19
0 22 15
1 3 8
2 9 11
t 885 10.077519379844961
m 31 19
0 22 16
1 2 8
2 10 11
t 884 10.077519379844961
m 32 19
0 22 15
1 3 8
2 11 11
t 883 10.852713178294573
m 33 19
0 23 15
1 3 7
2 10 11
t 882 10.852713178294573
m 34 19
0 22 15
1 3 6
2 11 11
t 881 20.85271317829457
m 34 19
0 22 16
1 3 7
2 11 12
t 880 20.85271317829457
m 34 19
0 22 15
1 3 6
2 11 13
t 879 20.85271317829457
m 34 19
0 22 16
1 3 7
2 11 12
t 878 20.85271317829457
m 34 19
0 22 17
1 3 6
2 11 11
t 877 20.85271317829457
m 34 19
0 22 16
1 4 6
2 11 12
t 876 20.85271317829457
m 34 19
0 22 15
1 3 6
2 11 11
t 875 20.85271317829457
m 34 19
0 21 15
1 4 6
2 10 11
t 874 20.85271317829457
m 34 19
0 20 15
1 3 6
2 9 11
t 873 20.85271317829457
m 34 19
0 21 15
1 4 6
2 10 11
t 872 20.85271317829457
m 34 19
0 22 15
1 3 6
2 9 11
t 871 20.85271317829457
m 34 19
0 23 15
1 3 7
2 10 11
t 870 20.85271317829457
m 34 19
0 24 15
1 3 8
2 11 11
t 869 20.85271317829457
m 34 19
0 23 15
1 4 8
2 10 11
t 868 20.85271317829457
m 34 19
0 22 15
1 3 8
2 11 11
t 867 20.85271317829457
m 34 19
0 22 16
1 4 8
2 11 10
t 866 20.85271317829457
m 34 19
0 22 17
1 3 8
2 11 9
t 865 20.85271317829457
m 34 19
0 21 17
1 4 8
2 11 8
t 864 20.85271317829457
m 34 19
0 22 17
1 5 8
2 11 9
t 863 20.85271317829457
m 34 19
0 23 17
1 6 8
2 10 9
t 862 20.85271317829457
m 34 19
0 22 17
1 5 8
2 11 9
t 861 20.85271317829457
m 34 19
0 21 17
1 4 8
2 10 9
t 860 20.85271317829457
m 34 19
0 22 17
1 3 8
2 11 9
t 859 20.85271317829457
m 34 19
0 21 17
1 3 9
2 11 10
t 858 20.85271317829457
m 34 19
0 22 17
1 3 10
2 11 11
t 857 20.85271317829457
m 34 19
0 23 17
1 3 11
2 11 12
t 856 20.85271317829457
m 34 19
0 24 17
1 4 11
2 11 13
t 855 20.85271317829457
m 34 19
0 23 17
1 5 11
2 12 13
t 854 20.85271317829457
m 34 19
0 22 17
1 4 11
2 11 13
t 853 20.85271317829457
m 34 19
0 22 16
1 3 11
2 10 13
f 34 0
t 852 20.85271317829457
m 34 19
0 22 15
1 3 10
2 11 13
t 851 20.85271317829457
m 34 19
0 23 15
1 3 11
2 11 12
t 850 20.85271317829457
m 34 19
0 22 15
1 3 10
2 11 11
t 849 20.85271317829457
m 34 19
0 21 15
1 3 9
2 11 10
t 848 20.85271317829457
m 34 19
0 22 15
1 3 10
2 11 11
t 847 20.85271317829457
m 34 19
0 21 15
1 3 9
2 11 10
t 846 20.85271317829457
m 34 19
0 22 15
1 3 8
2 11 9
t 845 20.85271317829457
m 34 19
0 23 15
1 4 8
2 11 10
t 844 20.85271317829457
m 34 19
0 24 15
1 5 8
2 11 11
t 843 20.85271317829457
m 34 19
0 25 15
1 6 8
2 11 12
t 842 20.85271317829457
m 34 19
0 26 15
1 5 8
2 11 13
t 841 20.85271317829457
m 34 19
0 25 15
1 6 8
2 12 13
t 840 20.85271317829457
m 34 19
0 24 15
1 6 9
2 11 13
t 839 20.85271317829457
m 34 19
0 23 15
1 7 9
2 11 12
t 838 20.85271317829457
m 34 19
0 22 15
1 8 9
2 11 11
t 837 20.85271317829457
m 34 19
0 22 16
1 9 9
2 11 12
t 836 20.85271317829457
m 34 19
0 22 17
1 8 9
2 11 13
t 835 20.85271317829457
m 34 19
0 23 17
1 9 9
2 11 12
t 834 20.85271317829457
m 34 19
0 22 17
1 10 9
2 11 11
t 833 20.85271317829457
m 34 19
0 22 16
1 9 9
2 11 10
t 832 20.85271317829457
m 34 19
0 22 17
1 10 9
2 11 11
t 831 20.85271317829457
m 34 19
0 22 16
1 9 9
2 11 12
t 830 20.85271317829457
m 34 19
0 22 17
1 10 9
2 11 13
t 829 20.85271317829457
m 34 19
0 21 17
1 9 9
2 10 13
t 828 20.85271317829457
m 34 19
0 22 17
1 8 9
2 9 13
t 827 20.85271317829457
m 34 19
0 23 17
1 7 9
2 10 13
t 826 20.85271317829457
m 34 19
0 24 17
1 8 9
2 9 13
t 825 20.85271317829457
m 34 19
0 25 17
1 9 9
2 10 13
t 824 20.85271317829457
m 34 19
0 24 17
1 8 9
2 9 13
t 823 20.85271317829457
m 34 19
0 23 17
1 7 9
2 10 13
t 822 20.85271317829457
m 34 19
0 22 17
1 8 9
2 9 13
t 821 20.85271317829457
m 34 19
0 23 17
1 7 9
2 8 13
t 820 20.85271317829457
m 34 19
0 24 17
1 6 9
2 8 14
t 819 20.85271317829457
m 34 19
0 23 17
1 7 9
2 8 15
t 818 20.85271317829457
m 34 19
0 24 17
1 6 9
2 8 14
t 817 20.85271317829457
m 34 19
0 25 17
1 6 8
2 8 13
t 816 20.85271317829457
m 34 19
0 24 17
1 6 9
2 8 14
t 815 20.85271317829457
m 34 19
0 23 17
1 6 8
2 8 15
t 814 20.85271317829457
m 34 19
0 24 17
1 6 9
2 8 14
t 813 20.85271317829457
m 34 19
0 25 17
1 6 8
2 8 15
t 812 20.85271317829457
m 34 19
0 26 17
1 5 8
2 8 14
t 811 20.85271317829457
m 34 19
0 25 17
1 4 8
2 8 15
t 810 20.85271317829457
m 34 19
0 24 17
1 5 8
2 7 15
t 809 20.85271317829457
m 34 19
0 23 17
1 4 8
2 8 15
t 808 20.85271317829457
m 34 19
0 22 17
1 5 8
2 8 14
t 807 20.85271317829457
m 34 19
0 22 16
1 6 8
2 8 15
t 806 20.85271317829457
m 34 19
0 22 17
1 6 9
2 8 14
t 805 20.85271317829457
m 34 19
0 23 17
1 6 8
2 8 15
t 804 20.85271317829457
m 34 19
0 24 17
1 6 9
2 7 15
t 803 20.85271317829457
m 34 19
0 25 17
1 7 9
2 6 15
t 802 20.85271317829457
m 34 19
0 26 17
1 6 9
2 5 15
t 801 20.85271317829457
m 34 19
0 25 17
1 6 10
2 4 15
t 800 20.85271317829457
m 34 19
0 26 17
1 6 9
2 3 15
t 799 20.85271317829457
m 34 19
0 27 17
1 6 10
2 2 15
t 798 20.85271317829457
m 34 19
0 28 17
1 6 11
2 1 15
t 797 20.85271317829457
m 34 19
0 29 17
1 5 11
2 0 15
t 796 20.85271317829457
m 34 19
0 28 17
1 6 11
2 0 16
t 795 20.85271317829457
m 34 19
0 27 17
1 5 11
2 0 15
t 794 20.85271317829457
m 34 19
0 26 17
1 4 11
2 1 15
t 793 20.85271317829457
m 34 19
0 25 17
1 3 11
2 0 15
t 792 20.85271317829457
m 34 19
0 24 17
1 3 10
2 0 14
t 791 20.85271317829457
m 34 19
0 23 17
1 3 9
2 0 13
t 790 20.85271317829457
m 34 19
0 24 17
1 3 10
2 0 14
t 789 20.85271317829457
m 34 19
0 23 17
1 3 9
2 0 13
t 788 20.85271317829457
m 34 19
0 22 17
1 3 8
2 0 14
t 787 20.85271317829457
m 34 19
0 21 17
1 3 9
2 0 13
t 786 20.85271317829457
m 34 19
0 20 17
1 3 8
2 0 14
t 785 20.85271317829457
m 34 19
0 21 17
1 4 8
2 0 13
t 784 20.85271317829457
m 34 19
0 22 17
1 5 8
2 0 12
t 783 20.85271317829457
m 34 19
0 21 17
1 4 8
2 0 13
t 782 20.85271317829457
m 34 19
0 20 17
1 5 8
2 0 12
t 781 20.85271317829457
m 34 19
0 19 17
1 4 8
2 0 11
t 780 20.85271317829457
m 34 19
0 18 17
1 3 8
2 0 12
t 779 20.85271317829457
m 34 19
0 18 18
1 4 8
2 0 13
t 778 20.85271317829457
m 34 19
0 18 17
1 3 8
2 0 12
t 777 20.85271317829457
m 34 19
0 19 17
1 2 8
2 0 13
t 776 20.85271317829457
m 34 19
0 20 17
1 3 8
2 0 12
t 775 20.85271317829457
m 34 19
0 21 17
1 3 9
2 0 13
t 774 20.85271317829457
m 34 19
0 22 17
1 3 8
2 0 14
t 773 20.85271317829457
m 34 19
0 23 17
1 3 9
2 0 13
t 772 20.85271317829457
m 34 19
0 22 17
1 3 8
2 0 14
t 771 20.85271317829457
m 34 19
0 23 17
1 3 7
2 0 13
t 770 20.85271317829457
m 34 19
0 24 17
1 3 8
2 0 12
t 769 20.85271317829457
m 34 19
0 23 17
1 3 9
2 0 13
t 768 20.85271317829457
m 34 19
0 22 17
1 3 8
2 0 14
t 767 20.85271317829457
m 34 19
0 21 17
1 3 7
2 0 13
t 766 20.85271317829457
m 34 19
0 22 17
1 3 6
2 0 14
t 765 20.85271317829457
m 34 19
0 21 17
1 4 6
2 0 13
t 764 20.85271317829457
m 34 19
0 20 17
1 5 6
2 0 14
t 763 20.85271317829457
m 34 19
0 21 17
1 5 5
2 0 15
t 762 20.85271317829457
m 34 19
0 20 17
1 5 6
2 1 15
t 761 20.85271317829457
m 34 19
0 19 17
1 6 6
2 0 15
t 760 20.85271317829457
m 34 19
0 20 17
1 7 6
2 0 14
t 759 20.85271317829457
m 34 19
0 19 17
1 8 6
2 0 13
t 758 20.85271317829457
m 34 19
0 20 17
1 9 6
2 0 14
t 757 20.85271317829457
m 34 19
0 19 17
1 9 7
2 0 15
t 756 20.85271317829457
m 34 19
0 20 17
1 10 7
2 0 16
t 755 20.85271317829457
m 34 19
0 19 17
1 9 7
2 0 15
t 754 20.85271317829457
m 34 19
0 18 17
1 10 7
2 0 14
t 753 20.85271317829457
m 34 19
0 17 17
1 9 7
2 0 15
t 752 20.85271317829457
m 34 19
0 16 17
1 9 6
2 1 15
t 751 20.85271317829457
m 34 19
0 17 17
1 8 6
2 0 15
t 750 20.85271317829457
m 34 19
0 18 17
1 7 6
2 0 14
t 749 20.85271317829457
m 34 19
0 19 17
1 8 6
2 0 13
t 748 20.85271317829457
m 34 19
0 18 17
1 7 6
2 0 12
t 747 20.85271317829457
m 34 19
0 18 18
1 8 6
2 0 11
t 746 20.85271317829457
m 34 19
0 18 17
1 7 6
2 0 12
t 745 20.85271317829457
m 34 19
0 18 18
1 8 6
2 0 11
t 744 20.85271317829457
m 34 19
0 18 17
1 7 6
2 0 12
t 743 20.85271317829457
m 34 19
0 19 17
1 6 6
2 0 11
t 742 20.85271317829457
m 34 19
0 20 17
1 7 6
2 1 11
t 741 20.85271317829457
m 34 19
0 19 17
1 8 6
2 2 11
t 740 20.85271317829457
m 34 19
0 20 17
1 9 6
2 3 11
t 739 20.85271317829457
m 34 19
0 21 17
1 9 7
2 3 10
t 738 20.85271317829457
m 34 19
0 22 17
1 10 7
2 3 11
t 737 20.85271317829457
m 34 19
0 23 17
1 9 7
2 3 10
t 736 20.85271317829457
m 34 19
0 24 17
1 10 7
2 3 11
t 735 20.85271317829457
m 34 19
0 23 17
1 9 7
2 3 10
t 734 20.85271317829457
m 34 19
0 22 17
1 9 6
2 3 9
t 733 20.85271317829457
m 34 19
0 23 17
1 9 7
2 3 10
t 732 20.85271317829457
m 34 19
0 24 17
1 9 6
2 3 9
t 731 20.85271317829457
m 34 19
0 25 17
1 9 5
2 3 10
t 730 20.85271317829457
m 34 19
0 26 17
1 9 6
2 3 11
t 729 20.85271317829457
m 34 19
0 25 17
1 9 5
2 3 10
t 728 20.85271317829457
m 34 19
0 26 17
1 9 6
2 3 11
t 727 20.85271317829457
m 34 19
0 25 17
1 9 7
2 4 11
t 726 20.85271317829457
m 34 19
0 26 17
1 9 6
2 5 11
t 725 20.85271317829457
m 34 19
0 27 17
1 9 5
2 4 11
t 724 20.85271317829457
m 34 19
0 28 17
1 9 6
2 5 11
t 723 20.85271317829457
m 34 19
0 29 17
1 9 7
2 4 11
t 722 20.85271317829457
m 34 19
0 28 17
1 9 6
2 5 11
t 721 20.85271317829457
m 34 19
0 27 17
1 8 6
2 6 11
t 720 20.85271317829457
m 34 19
0 26 17
1 9 6
2 6 10
t 719 20.85271317829457
m 34 19
0 25 17
1 9 5
2 6 9
t 718 20.85271317829457
m 34 19
0 26 17
1 9 4
2 7 9
t 717 20.85271317829457
m 34 19
0 27 17
1 9 5
2 8 9
t 716 20.85271317829457
m 34 19
0 27 18
1 10 5
2 7 9
t 715 20.85271317829457
m 34 19
0 27 19
1 11 5
2 6 9
t 714 20.85271317829457
m 34 18
0 26 19
1 10 5
2 7 9
t 713 20.85271317829457
m 34 17
0 25 19
1 11 5
2 6 9
t 712 21.627906976744185
m 34 16
0 26 19
1 12 5
2 6 8
t 711 21.627906976744185
m 34 15
0 27 19
1 11 5
2 6 9
t 710 21.627906976744185
m 34 14
0 26 19
1 10 5
2 6 10
t 709 22.4031007751938
m 34 13
0 27 19
1 9 5
2 6 9
t 708 22.4031007751938
m 34 12
0 27 18
1 9 6
2 6 10
t 707 22.4031007751938
m 34 11
0 27 19
1 8 6
2 6 11
t 706 23.178294573643413
m 34 11
0 27 18
1 7 6
2 7 11
t 705 23.178294573643413
m 34 11
0 27 19
1 6 6
2 6 11
t 704 23.178294573643413
m 34 11
0 27 18
1 5 6
2 5 11
t 703 23.178294573643413
m 34 11
0 27 19
1 4 6
2 4 11
t 702 23.178294573643413
m 34 11
0 28 19
1 3 6
2 3 11
t 701 23.178294573643413
m 34 11
0 29 19
1 4 6
2 2 11
t 700 23.178294573643413
m 34 11
0 30 19
1 3 6
2 2 12
t 699 23.178294573643413
m 34 11
0 29 19
1 3 7
2 2 13
t 698 23.178294573643413
m 34 11
0 28 19
1 3 8
2 3 13
t 697 23.178294573643413
m 34 11
0 29 19
1 2 8
2 4 13
t 696 23.178294573643413
m 34 11
0 28 19
1 1 8
2 5 13
t 695 23.178294573643413
m 34 11
0 29 19
1 0 8
2 6 13
t 694 23.178294573643413
m 34 11
0 28 19
1 1 8
2 5 13
t 693 23.178294573643413
m 34 11
0 29 19
1 0 8
2 6 13
t 692 23.178294573643413
m 34 11
0 28 19
1 1 8
2 5 13
t 691 23.178294573643413
m 34 11
0 29 19
1 0 8
2 4 13
t 690 23.178294573643413
m 34 11
0 28 19
1 0 7
2 3 13
t 689 23.178294573643413
m 34 11
0 29 19
1 0 8
2 4 13
t 688 23.178294573643413
m 34 11
0 30 19
1 0 7
2 3 13
t 687 23.178294573643413
m 34 11
0 29 19
1 0 8
2 2 13
t 686 23.178294573643413
m 34 11
0 28 19
1 0 7
2 2 12
t 685 23.178294573643413
m 34 11
0 29 19
1 0 8
2 2 13
t 684 23.178294573643413
m 34 11
0 28 19
1 0 7
2 2 14
t 683 23.178294573643413
m 34 11
0 29 19
1 0 6
2 2 15
t 682 23.178294573643413
m 34 11
0 28 19
1 0 5
2 2 14
t 681 23.178294573643413
m 34 11
0 27 19
1 0 4
2 2 15
t 680 23.178294573643413
m 34 11
0 28 19
1 0 5
2 2 14
t 679 23.178294573643413
m 34 11
0 29 19
1 0 4
2 2 15
t 678 23.178294573643413
m 34 11
0 28 19
1 0 5
2 1 15
t 677 23.178294573643413
m 34 11
0 29 19
1 0 4
2 2 15
t 676 23.178294573643413
m 34 11
0 28 19
1 0 5
2 1 15
t 675 23.178294573643413
m 34 11
0 29 19
1 0 4
2 2 15
t 674 23.178294573643413
m 34 11
0 30 19
1 0 3
2 2 16
t 673 23.178294573643413
m 34 11
0 29 19
1 0 4
2 2 17
t 672 23.178294573643413
m 34 11
0 30 19
1 0 5
2 3 17
t 671 23.178294573643413
m 34 11
0 29 19
1 0 6
2 2 17
t 670 23.178294573643413
m 34 11
0 30 19
1 0 5
2 3 17
t 669 23.178294573643413
m 34 11
0 31 19
1 0 6
2 4 17
t 668 23.178294573643413
m 34 11
0 30 19
1 0 5
2 5 17
t 667 23.178294573643413
m 34 11
0 31 19
1 0 4
2 4 17
t 666 23.178294573643413
m 34 11
0 32 19
1 0 5
2 3 17
t 665 23.178294573643413
m 34 11
0 33 19
1 0 6
2 2 17
t 664 23.178294573643413
m 34 11
0 34 19
1 0 7
2 3 17
t 663 23.178294573643413
m 33 11
0 34 18
1 0 6
2 4 17
t 662 23.178294573643413
m 32 11
0 34 17
1 0 5
2 3 17
t 661 23.178294573643413
m 31 11
0 34 16
1 0 4
2 2 17
t 660 23.953488372093023
m 31 10
0 34 17
1 0 5
2 2 16
t 659 23.953488372093023
m 31 9
0 34 18
1 0 4
2 2 17
t 658 23.953488372093023
m 31 8
0 34 19
1 0 5
2 2 16
t 657 24.728682170542633
m 31 7
0 33 19
1 0 4
2 2 17
t 656 24.728682170542633
m 31 6
0 32 19
1 0 3
2 3 17
t 655 24.728682170542633
m 30 6
0 33 19
1 0 2
2 2 17
t 654 25.503875968992247
m 29 6
0 32 19
1 0 1
2 3 17
t 653 25.503875968992247
m 29 5
0 33 19
1 0 2
2 4 17
t 652 25.503875968992247
m 29 4
0 34 19
1 0 3
2 3 17
t 651 26.27906976744186
m 29 3
0 34 18
1 0 2
2 2 17
t 650 26.27906976744186
m 28 3
0 34 19
1 0 3
2 3 17
t 649 26.27906976744186
m 27 3
0 34 18
1 1 3
2 4 17
t 648 27.05426356589147
m 27 2
0 34 17
1 2 3
2 3 17
t 647 27.05426356589147
m 27 1
0 34 18
1 1 3
2 4 17
t 646 27.05426356589147
m 27 0
0 34 17
1 0 3
2 5 17
t 645 27.829457364341085
m 26 0
0 34 18
1 1 3
2 4 17
t 644 27.829457364341085
m 25 0
0 34 19
1 0 3
2 5 17
t 643 27.829457364341085
m 25 0
0 34 18
1 0 4
2 4 17
t 642 27.829457364341085
m 24 0
0 34 17
1 0 3
2 5 17
t 641 28.6046511627907
m 24 0
0 34 18
1 0 4
2 6 17
t 640 28.6046511627907
m 24 0
0 34 19
1 0 3
2 5 17
t 639 28.6046511627907
m 25 0
0 34 18
1 1 3
2 6 17
t 638 28.6046511627907
m 25 0
0 34 19
1 2 3
2 7 17
t 637 28.6046511627907
m 26 0
0 33 19
1 3 3
2 6 17
t 636 28.6046511627907
m 26 0
0 34 19
1 4 3
2 7 17
t 635 28.6046511627907
m 27 0
0 34 18
1 5 3
2 6 17
t 634 28.6046511627907
m 27 0
0 34 17
1 4 3
2 5 17
t 633 28.6046511627907
m 26 0
0 34 16
1 3 3
2 4 17
t 632 28.6046511627907
m 25 0
0 34 17
1 4 3
2 3 17
t 631 28.6046511627907
m 26 0
0 34 16
1 5 3
2 4 17
t 630 28.6046511627907
m 26 0
0 34 15
1 5 4
2 5 17
t 629 28.6046511627907
m 25 0
0 34 16
1 5 5
2 4 17
t 628 28.6046511627907
m 25 0
0 34 17
1 5 6
2 5 17
t 627 28.6046511627907
m 25 0
0 34 16
1 6 6
2 6 17
t 626 28.6046511627907
m 25 0
0 34 15
1 7 6
2 5 17
t 625 28.6046511627907
m 25 0
0 34 16
1 6 6
2 6 17
t 624 28.6046511627907
m 25 0
0 34 17
1 7 6
2 7 17
t 623 28.6046511627907
m 26 0
0 34 18
1 6 6
2 6 17
t 622 28.6046511627907
m 26 0
0 34 17
1 5 6
2 7 17
t 621 28.6046511627907
m 25 0
0 34 18
1 5 5
2 8 17
t 620 28.6046511627907
m 26 0
0 34 17
1 5 4
2 9 17
t 619 28.6046511627907
m 26 0
0 34 16
1 5 5
2 10 17
t 618 28.6046511627907
m 25 0
0 34 17
1 5 6
2 9 17
t 617 28.6046511627907
m 25 0
0 34 18
1 5 5
2 8 17
t 616 28.6046511627907
m 26 0
0 34 17
1 5 4
2 9 17
t 615 28.6046511627907
m 26 0
0 34 18
1 5 5
2 10 17
t 614 28.6046511627907
m 26 0
0 34 19
1 5 6
2 9 17
t 613 28.6046511627907
m 26 0
0 34 18
1 5 5
2 8 17
t 612 28.6046511627907
m 26 0
0 34 17
1 5 6
2 7 17
t 611 28.6046511627907
m 25 0
0 34 18
1 4 6
2 6 17
t 610 28.6046511627907
m 25 0
0 34 19
1 3 6
2 7 17
t 609 28.6046511627907
m 25 0
0 33 19
1 3 7
2 8 17
t 608 28.6046511627907
m 24 0
0 32 19
1 3 6
2 7 17
t 607 28.6046511627907
m 24 0
0 31 19
1 4 6
2 7 18
t 606 28.6046511627907
m 24 0
0 32 19
1 5 6
2 7 19
t 605 28.6046511627907
m 25 0
0 33 19
1 6 6
2 6 19
t 604 28.6046511627907
m 26 0
0 34 19
1 5 6
2 5 19
t 603 28.6046511627907
m 26 0
0 33 19
1 6 6
2 6 19
t 602 28.6046511627907
m 26 0
0 32 19
1 7 6
2 5 19
t 601 28.6046511627907
m 26 0
0 31 19
1 6 6
2 4 19
t 600 28.6046511627907
m 25 0
0 32 19
1 7 6
2 5 19
t 599 28.6046511627907
m 26 0
0 33 19
1 8 6
2 6 19
t 598 28.6046511627907
m 27 0
0 32 19
1 9 6
2 5 19
t 597 28.6046511627907
m 27 0
0 31 19
1 9 5
2 6 19
t 596 28.6046511627907
m 27 0
0 30 19
1 10 5
2 5 19
t 595 28.6046511627907
m 27 0
0 31 19
1 9 5
2 4 19
t 594 28.6046511627907
m 27 0
0 30 19
1 10 5
2 3 19
t 593 28.6046511627907
m 27 0
0 31 19
1 9 5
2 2 19
t 592 28.6046511627907
m 27 0
0 32 19
1 10 5
2 1 19
t 591 28.6046511627907
m 28 0
0 33 19
1 9 5
2 2 19
t 590 28.6046511627907
m 28 0
0 32 19
1 10 5
2 3 19
t 589 28.6046511627907
m 28 0
0 31 19
1 11 5
2 2 19
t 588 28.6046511627907
m 28 0
0 32 19
1 12 5
2 3 19
t 587 28.6046511627907
m 29 0
0 33 19
1 13 5
2 4 19
t 586 28.6046511627907
m 30 0
0 34 19
1 12 5
2 3 19
t 585 29.37984496124031
m 30 0
0 33 19
1 11 5
2 2 19
t 584 29.37984496124031
m 29 0
0 34 19
1 12 5
2 3 19
t 583 29.37984496124031
m 30 0
0 34 18
1 11 5
2 2 19
t 582 29.37984496124031
m 29 0
0 34 19
1 10 5
2 1 19
t 581 29.37984496124031
m 29 0
0 34 18
1 11 5
2 2 19
t 580 29.37984496124031
m 29 0
0 34 19
1 12 5
2 3 19
t 579 29.37984496124031
m 30 0
0 33 19
1 11 5
2 4 19
t 578 29.37984496124031
m 29 0
0 32 19
1 10 5
2 3 19
t 577 29.37984496124031
m 28 0
0 31 19
1 9 5
2 4 19
t 576 29.37984496124031
m 27 0
0 32 19
1 9 6
2 3 19
t 575 29.37984496124031
m 27 0
0 31 19
1 9 7
2 4 19
t 574 29.37984496124031
m 26 0
0 32 19
1 10 7
2 5 19
t 573 29.37984496124031
m 27 0
0 31 19
1 11 7
2 4 19
t 572 29.37984496124031
m 27 0
0 32 19
1 10 7
2 5 19
t 571 29.37984496124031
m 27 0
0 31 19
1 11 7
2 6 19
t 570 29.37984496124031
m 27 0
0 30 19
1 11 8
2 7 19
t 569 29.37984496124031
m 26 0
0 31 19
1 11 9
2 7 18
t 568 29.37984496124031
m 26 0
0 32 19
1 10 9
2 7 19
t 567 29.37984496124031
m 26 0
0 33 19
1 9 9
2 7 18
t 566 29.37984496124031
m 26 0
0 32 19
1 10 9
2 7 17
t 565 29.37984496124031
m 26 0
0 33 19
1 9 9
2 7 18
t 564 29.37984496124031
m 26 0
0 32 19
1 8 9
2 7 17
t 563 29.37984496124031
m 25 0
0 31 19
1 7 9
2 7 18
t 562 29.37984496124031
m 24 0
0 32 19
1 6 9
2 7 17
t 561 29.37984496124031
m 24 0
0 31 19
1 7 9
2 8 17
t 560 29.37984496124031
m 24 0
0 30 19
1 8 9
2 7 17
t 559 29.37984496124031
m 24 0
0 31 19
1 9 9
2 6 17
t 558 29.37984496124031
m 25 0
0 30 19
1 10 9
2 5 17
t 557 29.37984496124031
m 25 0
0 31 19
1 11 9
2 6 17
t 556 29.37984496124031
m 26 0
0 32 19
1 11 10
2 5 17
t 555 29.37984496124031
m 26 0
0 33 19
1 11 9
2 6 17
t 554 29.37984496124031
m 27 0
0 34 19
1 10 9
2 7 17
t 553 29.37984496124031
m 27 0
0 34 18
1 9 9
2 8 17
t 552 29.37984496124031
m 26 0
0 34 19
1 10 9
2 9 17
t 551 29.37984496124031
m 27 0
0 33 19
1 11 9
2 8 17
t 550 29.37984496124031
m 27 0
0 34 19
1 11 8
2 9 17
t 549 29.37984496124031
m 28 0
0 34 18
1 11 7
2 10 17
t 548 29.37984496124031
m 28 0
0 34 17
1 11 8
2 9 17
t 547 29.37984496124031
m 27 0
0 34 18
1 11 9
2 10 17
t 546 29.37984496124031
m 27 0
0 34 19
1 11 8
2 9 17
t 545 29.37984496124031
m 28 0
0 34 18
1 11 7
2 8 17
t 544 29.37984496124031
m 28 0
0 34 17
1 10 7
2 7 17
t 543 29.37984496124031
m 27 0
0 34 16
1 9 7
2 7 18
t 542 29.37984496124031
m 26 0
0 34 15
1 9 6
2 7 17
t 541 29.37984496124031
m 26 0
0 34 14
1 8 6
2 6 17
t 540 29.37984496124031
m 25 0
0 34 15
1 9 6
2 7 17
t 539 29.37984496124031
m 26 0
0 34 14
1 9 7
2 8 17
t 538 29.37984496124031
m 25 0
0 34 15
1 9 6
2 7 17
t 537 29.37984496124031
m 26 0
0 33 15
1 9 7
2 7 18
t 536 29.37984496124031
m 25 0
0 34 15
1 10 7
2 7 17
t 535 29.37984496124031
m 26 0
0 33 15
1 9 7
2 6 17
t 534 29.37984496124031
m 25 0
0 34 15
1 9 6
2 7 17
t 533 29.37984496124031
m 26 0
0 34 14
1 9 7
2 8 17
t 532 29.37984496124031
m 25 0
0 34 13
1 10 7
2 7 17
t 531 29.37984496124031
m 25 0
0 34 14
1 9 7
2 8 17
t 530 29.37984496124031
m 25 0
0 34 13
1 9 6
2 7 17
t 529 29.37984496124031
m 25 0
0 34 14
1 8 6
2 6 17
t 528 29.37984496124031
m 25 0
0 34 15
1 9 6
2 7 17
t 527 29.37984496124031
m 26 0
0 34 14
1 9 5
2 7 18
t 526 29.37984496124031
m 26 0
0 34 15
1 9 4
2 7 17
t 525 29.37984496124031
m 27 0
0 33 15
1 9 3
2 7 18
t 524 29.37984496124031
m 27 0
0 34 15
1 9 2
2 7 17
t 523 29.37984496124031
m 28 0
0 34 14
1 10 2
2 8 17
t 522 29.37984496124031
m 28 0
0 34 15
1 11 2
2 7 17
t 521 29.37984496124031
m 29 0
0 33 15
1 12 2
2 8 17
t 520 29.37984496124031
m 29 0
0 34 15
1 11 2
2 7 17
t 519 29.37984496124031
m 29 0
0 34 14
1 10 2
2 6 17
t 518 29.37984496124031
m 28 0
0 34 15
1 9 2
2 5 17
t 517 29.37984496124031
m 28 0
0 34 14
1 10 2
2 4 17
t 516 29.37984496124031
m 28 0
0 34 15
1 11 2
2 5 17
t 515 29.37984496124031
m 29 0
0 33 15
1 12 2
2 4 17
t 514 29.37984496124031
m 29 0
0 32 15
1 11 2
2 3 17
t 513 29.37984496124031
m 28 0
0 32 14
1 12 2
2 2 17
t 512 29.37984496124031
m 28 0
0 32 15
1 11 2
2 2 16
t 511 29.37984496124031
m 28 0
0 33 15
1 10 2
2 2 17
t 510 29.37984496124031
m 28 0
0 34 15
1 11 2
2 3 17
t 509 29.37984496124031
m 29 0
0 33 15
1 10 2
2 2 17
t 508 29.37984496124031
m 28 0
0 32 15
1 9 2
2 2 16
t 507 29.37984496124031
m 27 0
0 31 15
1 10 2
2 2 17
t 506 29.37984496124031
m 27 0
0 32 15
1 9 2
2 3 17
t 505 29.37984496124031
m 27 0
0 32 16
1 9 3
2 2 17
t 504 29.37984496124031
m 27 0
0 32 17
1 9 2
2 2 16
t 503 29.37984496124031
m 28 0
0 31 17
1 9 3
2 2 15
t 502 29.37984496124031
m 27 0
0 32 17
1 9 4
2 2 14
t 501 29.37984496124031
m 27 0
0 32 16
1 9 5
2 2 13
t 500 29.37984496124031
m 26 0
0 32 17
1 9 4
2 2 14
t 499 29.37984496124031
m 27 0
0 31 17
1 9 3
2 2 15
t 498 29.37984496124031
m 27 0
0 32 17
1 9 2
2 3 15
t 497 29.37984496124031
m 28 0
0 32 16
1 9 3
2 2 15
t 496 29.37984496124031
m 27 0
0 32 17
1 9 4
2 3 15
t 495 29.37984496124031
m 27 0
0 31 17
1 9 5
2 2 15
t 494 29.37984496124031
m 26 0
0 32 17
1 9 4
2 2 14
t 493 29.37984496124031
m 27 0
0 31 17
1 9 5
2 2 15
t 492 29.37984496124031
m 26 0
0 30 17
1 9 4
2 2 14
t 491 29.37984496124031
m 26 0
0 31 17
1 9 5
2 2 13
t 490 29.37984496124031
m 26 0
0 30 17
1 9 4
2 3 13
t 489 29.37984496124031
m 26 0
0 31 17
1 9 5
2 4 13
t 488 29.37984496124031
m 26 0
0 30 17
1 9 4
2 3 13
t 487 29.37984496124031
m 26 0
0 31 17
1 9 3
2 2 13
t 486 29.37984496124031
m 27 0
0 32 17
1 9 4
2 2 12
t 485 29.37984496124031
m 27 0
0 32 16
1 9 5
2 2 11
t 484 29.37984496124031
m 26 0
0 32 15
1 9 4
2 3 11
t 483 29.37984496124031
m 26 0
0 31 15
1 9 5
2 2 11
t 482 29.37984496124031
m 25 0
0 30 15
1 10 5
2 3 11
t 481 29.37984496124031
m 25 0
0 31 15
1 9 5
2 4 11
t 480 29.37984496124031
m 25 0
0 32 15
1 10 5
2 3 11
t 479 29.37984496124031
m 26 0
0 31 15
1 9 5
2 3 10
t 478 29.37984496124031
m 25 0
0 30 15
1 9 4
2 3 9
t 477 29.37984496124031
m 25 0
0 31 15
1 9 5
2 3 10
t 476 29.37984496124031
m 25 0
0 32 15
1 9 4
2 3 9
t 475 29.37984496124031
m 26 0
0 33 15
1 9 3
2 3 10
t 474 29.37984496124031
m 27 0
0 32 15
1 9 2
2 3 11
t 473 29.37984496124031
m 27 0
0 32 14
1 10 2
2 4 11
t 472 29.37984496124031
m 27 0
0 32 15
1 11 2
2 5 11
t 471 29.37984496124031
m 28 0
0 31 15
1 10 2
2 6 11
t 470 29.37984496124031
m 27 0
0 32 15
1 9 2
2 5 11
t 469 29.37984496124031
m 27 0
0 31 15
1 10 2
2 4 11
t 468 29.37984496124031
m 27 0
0 32 15
1 11 2
2 3 11
t 467 29.37984496124031
m 28 0
0 31 15
1 10 2
2 2 11
t 466 29.37984496124031
m 27 0
0 32 15
1 11 2
2 1 11
t 465 29.37984496124031
m 28 0
0 32 14
1 10 2
2 0 11
t 464 29.37984496124031
m 27 0
0 32 13
1 11 2
2 1 11
t 463 29.37984496124031
m 27 0
0 32 14
1 10 2
2 0 11
t 462 29.37984496124031
m 27 0
0 32 15
1 9 2
2 0 12
t 461 29.37984496124031
m 27 0
0 31 15
1 10 2
2 0 13
t 460 29.37984496124031
m 27 0
0 30 15
1 9 2
2 0 12
t 459 29.37984496124031
m 26 0
0 31 15
1 9 3
2 0 11
t 458 29.37984496124031
m 26 0
0 30 15
1 9 4
2 1 11
t 457 29.37984496124031
m 25 0
0 29 15
1 9 3
2 2 11
t 456 29.37984496124031
m 25 0
0 30 15
1 8 3
2 3 11
t 455 29.37984496124031
m 25 0
0 31 15
1 9 3
2 3 10
t 454 29.37984496124031
m 26 0
0 30 15
1 9 2
2 3 11
t 453 29.37984496124031
m 26 0
0 31 15
1 9 3
2 4 11
t 452 29.37984496124031
m 26 0
0 32 15
1 9 2
2 3 11
t 451 29.37984496124031
m 27 0
0 33 15
1 10 2
2 3 10
t 450 29.37984496124031
m 28 0
0 34 15
1 11 2
2 3 11
t 449 29.37984496124031
m 29 0
0 34 16
1 12 2
2 2 11
t 448 29.37984496124031
m 30 0
0 34 17
1 11 2
2 1 11
t 447 29.37984496124031
m 30 0
0 34 18
1 10 2
2 0 11
t 446 29.37984496124031
m 30 0
0 34 17
1 9 2
2 0 12
t 445 29.37984496124031
m 29 0
0 34 16
1 10 2
2 0 13
t 444 29.37984496124031
m 29 0
0 34 17
1 11 2
2 0 14
t 443 29.37984496124031
m 30 0
0 34 16
1 12 2
2 0 15
t 442 29.37984496124031
m 30 0
0 34 15
1 13 2
2 0 14
t 441 29.37984496124031
m 30 0
0 34 14
1 13 3
2 0 13
t 440 29.37984496124031
m 29 0
0 34 13
1 13 2
2 0 14
t 439 29.37984496124031
m 29 0
0 34 14
1 13 3
2 0 13
t 438 29.37984496124031
m 29 0
0 34 15
1 13 2
2 0 14
t 437 29.37984496124031
m 30 0
0 34 14
1 14 2
2 0 13
t 436 29.37984496124031
m 30 0
0 34 15
1 13 2
2 0 14
t 435 29.37984496124031
m 30 0
0 34 14
1 13 3
2 0 13
t 434 29.37984496124031
m 29 0
0 34 13
1 13 2
2 0 12
t 433 29.37984496124031
m 29 0
0 34 14
1 12 2
2 0 11
t 432 29.37984496124031
m 29 0
0 34 15
1 11 2
2 1 11
t 431 29.37984496124031
m 29 0
0 34 14
1 12 2
2 2 11
t 430 29.37984496124031
m 29 0
0 34 13
1 11 2
2 1 11
t 429 29.37984496124031
m 28 0
0 34 12
1 10 2
2 2 11
t 428 29.37984496124031
m 27 0
0 34 13
1 9 2
2 3 11
t 427 29.37984496124031
m 27 0
0 34 12
1 10 2
2 3 10
t 426 29.37984496124031
m 27 0
0 34 13
1 9 2
2 3 11
t 425 29.37984496124031
m 27 0
0 34 12
1 10 2
2 2 11
t 424 29.37984496124031
m 27 0
0 34 11
1 9 2
2 1 11
t 423 29.37984496124031
m 26 0
0 34 12
1 9 3
2 2 11
t 422 29.37984496124031
m 26 0
0 34 13
1 9 4
2 3 11
t 421 29.37984496124031
m 26 0
0 34 12
1 9 3
2 3 10
t 420 29.37984496124031
m 26 0
0 34 13
1 9 4
2 3 9
t 419 29.37984496124031
m 26 0
0 34 14
1 9 3
2 3 8
t 418 29.37984496124031
m 27 0
0 34 15
1 9 4
2 2 8
t 417 29.37984496124031
m 27 0
0 34 16
1 9 3
2 1 8
t 416 29.37984496124031
m 28 0
0 34 17
1 8 3
2 0 8
t 415 29.37984496124031
m 28 0
0 34 16
1 9 3
2 1 8
t 414 29.37984496124031
m 28 0
0 34 15
1 8 3
2 2 8
t 413 29.37984496124031
m 27 0
0 34 14
1 9 3
2 3 8
t 412 29.37984496124031
m 27 0
0 34 15
1 9 4
2 2 8
t 411 29.37984496124031
m 27 0
0 34 14
1 9 5
2 1 8
t 410 29.37984496124031
m 26 0
0 34 13
1 10 5
2 0 8
t 409 29.37984496124031
m 26 0
0 34 14
1 11 5
2 1 8
t 408 29.37984496124031
m 27 0
0 34 15
1 12 5
2 2 8
t 407 29.37984496124031
m 28 0
0 34 16
1 11 5
2 3 8
t 406 29.37984496124031
m 28 0
0 34 15
1 10 5
2 2 8
t 405 29.37984496124031
m 27 0
0 34 16
1 9 5
2 3 8
t 404 29.37984496124031
m 27 0
0 34 15
1 10 5
2 3 9
t 403 29.37984496124031
m 27 0
0 33 15
1 9 5
2 3 8
t 402 29.37984496124031
m 26 0
0 32 15
1 9 6
2 2 8
t 401 29.37984496124031
m 25 0
0 33 15
1 9 7
2 3 8
t 400 29.37984496124031
m 25 0
0 34 15
1 9 6
2 4 8
t 399 29.37984496124031
m 26 0
0 34 16
1 9 5
2 5 8
t 398 29.37984496124031
m 27 0
0 34 15
1 9 4
2 6 8
t 397 29.37984496124031
m 27 0
0 33 15
1 9 3
2 5 8
t 396 29.37984496124031
m 27 0
0 32 15
1 8 3
2 4 8
t 395 29.37984496124031
m 26 0
0 31 15
1 9 3
2 5 8
t 394 29.37984496124031
m 26 0
0 32 15
1 9 2
2 6 8
t 393 29.37984496124031
m 27 0
0 32 14
1 10 2
2 6 9
t 392 29.37984496124031
m 27 0
0 32 15
1 9 2
2 6 8
t 391 29.37984496124031
m 27 0
0 33 15
1 9 3
2 5 8
t 390 29.37984496124031
m 27 0
0 32 15
1 9 2
2 6 8
t 389 29.37984496124031
m 27 0
0 32 16
1 10 2
2 5 8
t 388 29.37984496124031
m 28 0
0 32 17
1 11 2
2 4 8
t 387 29.37984496124031
m 29 0
0 32 16
1 12 2
2 5 8
t 386 29.37984496124031
m 29 0
0 32 17
1 13 2
2 4 8
t 385 29.37984496124031
m 30 0
0 31 17
1 12 2
2 3 8
t 384 29.37984496124031
m 29 0
0 30 17
1 11 2
2 3 7
t 383 29.37984496124031
m 28 0
0 29 17
1 10 2
2 3 8
t 382 29.37984496124031
m 27 0
0 28 17
1 11 2
2 2 8
t 381 29.37984496124031
m 27 0
0 27 17
1 12 2
2 3 8
t 380 29.37984496124031
m 28 0
0 26 17
1 11 2
2 2 8
t 379 29.37984496124031
m 29 0
0 27 17
1 10 2
2 3 8
t 378 29.37984496124031
m 30 0
0 27 18
1 11 2
2 3 9
t 377 29.37984496124031
m 31 0
0 27 17
1 12 2
2 3 10
t 376 29.37984496124031
m 32 0
0 28 17
1 11 2
2 3 9
t 375 29.37984496124031
m 33 0
0 29 17
1 12 2
2 3 10
t 374 30.155038759689923
m 34 0
0 30 17
1 11 2
2 3 9
t 373 40.15503875968992
m 34 0
0 29 17
1 12 2
2 3 8
t 372 40.15503875968992
m 34 0
0 28 17
1 11 2
2 3 7
t 371 40.15503875968992
m 34 0
0 29 17
1 12 2
2 3 6
t 370 40.15503875968992
m 34 0
0 30 17
1 11 2
2 3 7
t 369 40.15503875968992
m 34 0
0 29 17
1 12 2
2 3 8
t 368 40.15503875968992
m 34 0
0 30 17
1 11 2
2 4 8
t 367 40.15503875968992
m 34 0
0 31 17
1 10 2
2 3 8
t 366 40.15503875968992
m 34 0
0 32 17
1 9 2
2 4 8
t 365 40.15503875968992
m 34 0
0 32 16
1 10 2
2 3 8
t 364 40.15503875968992
m 34 0
0 32 15
1 9 2
2 3 7
t 363 40.15503875968992
m 34 0
0 32 16
1 9 3
2 3 6
t 362 40.15503875968992
m 34 0
0 32 17
1 8 3
2 3 7
t 361 40.15503875968992
m 34 0
0 32 16
1 7 3
2 3 6
t 360 40.15503875968992
m 34 0
0 32 15
1 7 2
2 4 6
t 359 40.15503875968992
m 34 0
0 31 15
1 7 1
2 5 6
t 358 40.15503875968992
m 34 0
0 30 15
1 7 2
2 4 6
t 357 40.15503875968992
m 34 0
0 29 15
1 7 3
2 3 6
t 356 40.15503875968992
m 34 0
0 28 15
1 6 3
2 3 7
t 355 40.15503875968992
m 34 0
0 29 15
1 7 3
2 3 6
t 354 40.15503875968992
m 34 0
0 30 15
1 6 3
2 3 7
t 353 40.15503875968992
m 34 0
0 29 15
1 5 3
2 3 8
t 352 40.15503875968992
m 34 0
0 28 15
1 4 3
2 3 9
t 351 40.15503875968992
m 34 0
0 27 15
1 5 3
2 3 10
t 350 40.15503875968992
m 34 0
0 26 15
1 6 3
2 3 11
t 349 40.15503875968992
m 34 0
0 27 15
1 7 3
2 3 10
t 348 40.15503875968992
m 34 0
0 26 15
1 8 3
2 3 11
t 347 40.15503875968992
m 34 0
0 25 15
1 7 3
2 4 11
t 346 40.15503875968992
m 34 0
0 24 15
1 8 3
2 5 11
t 345 40.15503875968992
m 34 0
0 23 15
1 9 3
2 6 11
t 344 40.15503875968992
m 34 0
0 22 15
1 8 3
2 7 11
t 343 40.15503875968992
m 34 0
0 21 15
1 9 3
2 6 11
t 342 40.15503875968992
m 34 0
0 20 15
1 9 2
2 5 11
t 341 40.15503875968992
m 34 0
0 21 15
1 10 2
2 4 11
t 340 40.15503875968992
m 34 0
0 20 15
1 9 2
2 3 11
t 339 40.15503875968992
m 34 0
0 19 15
1 10 2
2 2 11
t 338 40.15503875968992
m 34 0
0 18 15
1 11 2
2 3 11
t 337 40.15503875968992
m 34 0
0 18 14
1 10 2
2 3 10
t 336 40.15503875968992
m 34 0
0 18 15
1 9 2
2 3 9
t 335 40.15503875968992
m 34 0
0 19 15
1 10 2
2 3 10
t 334 40.15503875968992
m 34 0
0 20 15
1 9 2
2 3 11
t 333 40.15503875968992
m 34 0
0 19 15
1 9 3
2 2 11
t 332 40.15503875968992
m 34 0
0 20 15
1 9 2
2 2 12
t 331 40.15503875968992
m 34 0
0 21 15
1 10 2
2 2 13
t 330 40.15503875968992
m 34 0
0 22 15
1 11 2
2 2 12
t 329 40.15503875968992
m 34 0
0 21 15
1 10 2
2 2 11
f 0 0
t 328 40.15503875968992
m 34 0
0 22 15
1 11 2
2 1 11
t 327 40.15503875968992
m 34 0
0 21 15
1 10 2
2 0 11
t 326 40.15503875968992
m 34 0
0 20 15
1 11 2
2 0 12
t 325 40.15503875968992
m 34 0
0 19 15
1 10 2
2 0 11
t 324 40.15503875968992
m 34 0
0 20 15
1 9 2
2 1 11
t 323 40.15503875968992
m 34 0
0 21 15
1 10 2
2 0 11
t 322 40.15503875968992
m 34 0
0 20 15
1 9 2
2 1 11
t 321 40.15503875968992
m 34 0
0 19 15
1 9 3
2 2 11
t 320 40.15503875968992
m 34 0
0 20 15
1 8 3
2 2 12
t 319 40.15503875968992
m 34 0
0 19 15
1 9 3
2 2 13
t 318 40.15503875968992
m 34 0
0 18 15
1 9 2
2 2 14
t 317 40.15503875968992
m 34 0
0 19 15
1 9 3
2 2 13
t 316 40.15503875968992
m 34 0
0 20 15
1 9 4
2 2 14
t 315 40.15503875968992
m 34 0
0 21 15
1 9 3
2 2 15
t 314 40.15503875968992
m 34 0
0 22 15
1 9 4
2 2 14
t 313 40.15503875968992
m 34 0
0 21 15
1 9 3
2 2 13
t 312 40.15503875968992
m 34 0
0 20 15
1 8 3
2 2 12
t 311 40.15503875968992
m 34 0
0 19 15
1 9 3
2 2 13
t 310 40.15503875968992
m 34 0
0 18 15
1 8 3
2 2 12
t 309 40.15503875968992
m 34 0
0 19 15
1 9 3
2 2 11
t 308 40.15503875968992
m 34 0
0 20 15
1 8 3
2 1 11
t 307 40.15503875968992
m 34 0
0 19 15
1 9 3
2 2 11
t 306 40.15503875968992
m 34 0
0 18 15
1 9 2
2 1 11
t 305 40.15503875968992
m 34 0
0 19 15
1 9 3
2 2 11
t 304 40.15503875968992
m 34 0
0 20 15
1 9 4
2 3 11
t 303 40.15503875968992
m 34 0
0 21 15
1 9 5
2 2 11
t 302 40.15503875968992
m 34 0
0 20 15
1 9 6
2 1 11
t 301 40.15503875968992
m 34 0
0 21 15
1 8 6
2 0 11
t 300 40.15503875968992
m 34 0
0 20 15
1 7 6
2 0 12
t 299 40.15503875968992
m 34 0
0 21 15
1 6 6
2 0 13
t 298 40.15503875968992
m 34 0
0 22 15
1 7 6
2 0 14
t 297 40.15503875968992
m 34 0
0 21 15
1 8 6
2 0 15
t 296 40.15503875968992
m 34 0
0 20 15
1 9 6
2 0 14
t 295 40.15503875968992
m 34 0
0 19 15
1 8 6
2 0 13
t 294 40.15503875968992
m 34 0
0 18 15
1 9 6
2 0 14
t 293 40.15503875968992
m 34 0
0 19 15
1 9 7
2 0 15
t 292 40.15503875968992
m 34 0
0 20 15
1 9 6
2 0 16
t 291 40.15503875968992
m 34 0
0 21 15
1 8 6
2 0 15
t 290 40.15503875968992
m 34 0
0 22 15
1 9 6
2 0 16
t 289 40.15503875968992
m 34 0
0 22 16
1 9 5
2 0 17
t 288 40.15503875968992
m 34 0
0 22 15
1 10 5
2 0 18
t 287 40.15503875968992
m 34 0
0 21 15
1 11 5
2 0 19
t 286 40.15503875968992
m 34 0
0 20 15
1 10 5
2 0 18
t 285 40.15503875968992
m 34 0
0 19 15
1 9 5
2 0 17
t 284 40.15503875968992
m 34 0
0 18 15
1 9 6
2 0 18
t 283 40.15503875968992
m 34 0
0 18 14
1 9 5
2 0 17
t 282 40.15503875968992
m 34 0
0 18 13
1 10 5
2 0 18
t 281 40.15503875968992
m 34 0
0 19 13
1 9 5
2 0 19
t 280 40.15503875968992
m 34 0
0 18 13
1 9 6
2 0 18
t 279 40.15503875968992
m 34 0
0 19 13
1 9 7
2 0 19
t 278 40.15503875968992
m 34 0
0 18 13
1 10 7
2 1 19
t 277 40.15503875968992
m 34 0
0 18 14
1 9 7
2 0 19
t 276 40.15503875968992
m 34 0
0 18 13
1 10 7
2 1 19
t 275 40.15503875968992
m 34 0
0 19 13
1 9 7
2 0 19
t 274 40.15503875968992
m 34 0
0 18 13
1 10 7
2 0 18
t 273 40.15503875968992
m 34 0
0 19 13
1 11 7
2 0 17
t 272 40.15503875968992
m 34 0
0 20 13
1 10 7
2 0 16
t 271 40.15503875968992
m 34 0
0 19 13
1 11 7
2 0 15
t 270 40.15503875968992
m 34 0
0 20 13
1 10 7
2 0 14
t 269 40.15503875968992
m 34 0
0 19 13
1 11 7
2 0 15
t 268 40.15503875968992
m 34 0
0 18 13
1 12 7
2 1 15
t 267 40.15503875968992
m 34 0
0 19 13
1 13 7
2 2 15
t 266 40.15503875968992
m 34 0
0 20 13
1 14 7
2 2 14
t 265 40.15503875968992
m 34 0
0 21 13
1 13 7
2 2 13
t 264 40.15503875968992
m 34 0
0 20 13
1 12 7
2 3 13
t 263 40.15503875968992
m 34 0
0 21 13
1 13 7
2 4 13
t 262 40.15503875968992
m 34 0
0 22 13
1 13 8
2 3 13
t 261 40.15503875968992
m 34 0
0 23 13
1 13 9
2 2 13
t 260 40.15503875968992
m 34 0
0 22 13
1 14 9
2 3 13
t 259 40.15503875968992
m 34 0
0 23 13
1 15 9
2 4 13
t 258 40.15503875968992
m 34 0
0 24 13
1 14 9
2 5 13
t 257 40.15503875968992
m 34 0
0 23 13
1 15 9
2 6 13
t 256 40.15503875968992
m 34 0
0 24 13
1 16 9
2 7 13
t 255 40.15503875968992
m 34 0
0 23 13
1 15 9
2 6 13
t 254 40.15503875968992
m 34 0
0 22 13
1 16 9
2 7 13
t 253 40.15503875968992
m 34 0
0 23 13
1 15 9
2 6 13
t 252 40.15503875968992
m 34 0
0 24 13
1 16 9
2 7 13
t 251 40.15503875968992
m 34 0
0 25 13
1 15 9
2 8 13
t 250 40.15503875968992
m 34 0
0 26 13
1 14 9
2 7 13
t 249 40.15503875968992
m 34 0
0 25 13
1 13 9
2 8 13
t 248 40.15503875968992
m 34 0
0 26 13
1 13 10
2 9 13
t 247 40.15503875968992
m 34 0
0 26 14
1 13 9
2 8 13
t 246 40.15503875968992
m 34 0
0 26 15
1 13 10
2 9 13
t 245 40.15503875968992
m 34 0
0 25 15
1 13 11
2 10 13
t 244 40.15503875968992
m 34 0
0 24 15
1 13 12
2 11 13
t 243 40.15503875968992
m 34 0
0 23 15
1 13 11
2 11 12
t 242 40.15503875968992
m 34 0
0 24 15
1 14 11
2 11 11
t 241 40.15503875968992
m 34 0
0 25 15
1 15 11
2 11 10
t 240 40.15503875968992
m 34 0
0 26 15
1 14 11
2 11 11
t 239 40.15503875968992
m 34 0
0 25 15
1 15 11
2 11 12
t 238 40.15503875968992
m 34 0
0 26 15
1 14 11
2 11 13
t 237 40.15503875968992
m 34 0
0 26 14
1 15 11
2 12 13
t 236 40.15503875968992
m 34 0
0 26 13
1 14 11
2 13 13
t 235 40.15503875968992
m 34 0
0 26 14
1 13 11
2 13 12
t 234 40.15503875968992
m 34 0
0 26 15
1 14 11
2 13 11
t 233 40.15503875968992
m 34 0
0 26 14
1 13 11
2 13 10
t 232 40.15503875968992
m 34 0
0 26 15
1 14 11
2 13 9
t 231 40.15503875968992
m 34 0
0 26 14
1 15 11
2 14 9
t 230 40.15503875968992
m 34 0
0 26 15
1 14 11
2 15 9
t 229 40.15503875968992
m 34 0
0 26 14
1 13 11
2 14 9
t 228 40.15503875968992
m 34 0
0 26 13
1 13 12
2 13 9
t 227 40.15503875968992
m 34 0
0 26 14
1 13 11
2 13 8
t 226 40.15503875968992
m 34 0
0 26 13
1 13 12
2 13 9
t 225 40.15503875968992
m 34 0
0 25 13
1 13 13
2 13 8
t 224 40.15503875968992
m 34 0
0 26 13
1 12 13
2 13 9
t 223 40.15503875968992
m 34 0
0 25 13
1 13 13
2 14 9
t 222 40.15503875968992
m 34 0
0 24 13
1 14 13
2 15 9
t 221 40.15503875968992
m 34 0
0 25 13
1 15 13
2 16 9
t 220 40.15503875968992
m 34 0
0 26 13
1 16 13
2 17 9
t 219 40.15503875968992
m 34 0
0 27 13
1 15 13
2 16 9
t 218 40.15503875968992
m 34 0
0 26 13
1 16 13
2 17 9
t 217 40.15503875968992
m 34 0
0 27 13
1 15 13
2 17 10
t 216 40.15503875968992
m 34 0
0 28 13
1 14 13
2 17 9
t 215 40.15503875968992
m 34 0
0 27 13
1 13 13
2 17 10
t 214 40.15503875968992
m 34 0
0 28 13
1 13 12
2 17 9
t 213 40.15503875968992
m 34 0
0 29 13
1 13 11
2 16 9
t 212 40.15503875968992
m 34 0
0 28 13
1 13 10
2 15 9
t 211 40.15503875968992
m 34 0
0 29 13
1 13 9
2 14 9
t 210 40.15503875968992
m 34 0
0 30 13
1 14 9
2 15 9
t 209 40.15503875968992
m 34 0
0 29 13
1 13 9
2 14 9
t 208 40.15503875968992
m 34 0
0 30 13
1 13 10
2 13 9
t 207 40.15503875968992
m 34 0
0 29 13
1 13 9
2 13 10
t 206 40.15503875968992
m 34 0
0 30 13
1 13 8
2 13 11
t 205 40.15503875968992
m 34 0
0 29 13
1 13 7
2 14 11
t 204 40.15503875968992
m 34 0
0 30 13
1 12 7
2 13 11
t 203 40.15503875968992
m 34 0
0 29 13
1 13 7
2 13 12
t 202 40.15503875968992
m 34 0
0 28 13
1 13 8
2 13 11
t 201 40.15503875968992
m 34 0
0 27 13
1 13 9
2 13 12
t 200 40.15503875968992
m 34 0
0 28 13
1 14 9
2 13 13
t 199 40.15503875968992
m 34 0
0 27 13
1 13 9
2 13 12
t 198 40.15503875968992
m 34 0
0 26 13
1 13 8
2 13 13
t 197 40.15503875968992
m 34 0
0 26 14
1 13 9
2 12 13
t 196 40.15503875968992
m 34 0
0 26 15
1 13 10
2 11 13
t 195 40.15503875968992
m 34 0
0 26 14
1 13 11
2 12 13
t 194 40.15503875968992
m 34 0
0 26 15
1 13 12
2 13 13
t 193 40.15503875968992
m 34 0
0 25 15
1 13 11
2 13 12
t 192 40.15503875968992
m 34 0
0 24 15
1 13 10
2 13 11
t 191 40.15503875968992
m 34 0
0 23 15
1 13 9
2 13 10
t 190 40.15503875968992
m 34 0
0 22 15
1 13 10
2 13 11
t 189 40.15503875968992
m 34 0
0 22 16
1 13 11
2 13 12
t 188 40.15503875968992
m 34 0
0 22 15
1 13 12
2 13 13
t 187 40.15503875968992
m 34 0
0 21 15
1 13 13
2 13 12
t 186 40.15503875968992
m 34 0
0 22 15
1 13 12
2 13 11
t 185 40.15503875968992
m 34 0
0 21 15
1 13 11
2 13 12
t 184 40.15503875968992
m 34 0
0 20 15
1 13 12
2 13 13
t 183 40.15503875968992
m 34 0
0 21 15
1 13 11
2 13 12
t 182 40.15503875968992
m 34 0
0 22 15
1 13 10
2 13 11
t 181 40.15503875968992
m 34 0
0 21 15
1 13 9
2 13 10
t 180 40.15503875968992
m 34 0
0 20 15
1 14 9
2 13 11
t 179 40.15503875968992
m 34 0
0 21 15
1 13 9
2 13 10
t 178 40.15503875968992
m 34 0
0 20 15
1 13 10
2 13 11
t 177 40.15503875968992
m 34 0
0 21 15
1 13 11
2 14 11
t 176 40.15503875968992
m 34 0
0 22 15
1 13 12
2 15 11
t 175 40.15503875968992
m 34 0
0 22 16
1 13 11
2 14 11
t 174 40.15503875968992
m 34 0
0 22 15
1 13 10
2 13 11
t 173 40.15503875968992
m 34 0
0 22 16
1 13 11
2 13 12
t 172 40.15503875968992
m 34 0
0 22 15
1 13 10
2 13 13
t 171 40.15503875968992
m 34 0
0 23 15
1 13 9
2 12 13
t 170 40.15503875968992
m 34 0
0 22 15
1 14 9
2 13 13
t 169 40.15503875968992
m 34 0
0 21 15
1 15 9
2 13 12
t 168 40.15503875968992
m 34 0
0 20 15
1 14 9
2 13 11
t 167 40.15503875968992
m 34 0
0 19 15
1 13 9
2 13 12
t 166 40.15503875968992
m 34 0
0 20 15
1 13 10
2 13 11
t 165 40.15503875968992
m 34 0
0 19 15
1 13 11
2 13 12
t 164 40.15503875968992
m 34 0
0 20 15
1 13 10
2 13 11
t 163 40.15503875968992
m 34 0
0 21 15
1 13 11
2 13 12
t 162 40.15503875968992
m 34 0
0 20 15
1 14 11
2 13 11
t 161 40.15503875968992
m 34 0
0 21 15
1 13 11
2 13 10
t 160 40.15503875968992
m 34 0
0 22 15
1 13 12
2 13 11
t 159 40.15503875968992
m 34 0
0 23 15
1 13 13
2 14 11
t 158 40.15503875968992
m 34 0
0 24 15
1 14 13
2 13 11
t 157 40.15503875968992
m 34 0
0 23 15
1 15 13
2 13 12
t 156 40.15503875968992
m 34 0
0 24 15
1 16 13
2 13 13
t 155 40.15503875968992
m 34 0
0 25 15
1 16 14
2 12 13
t 154 40.15503875968992
m 34 0
0 26 15
1 16 15
2 11 13
t 153 40.15503875968992
m 34 0
0 25 15
1 15 15
2 10 13
t 152 40.15503875968992
m 34 0
0 26 15
1 16 15
2 11 13
t 151 40.15503875968992
m 34 0
0 25 15
1 16 14
2 11 12
t 150 40.15503875968992
m 34 0
0 26 15
1 16 15
2 11 11
t 149 40.15503875968992
m 34 0
0 27 15
1 16 14
2 11 10
t 148 40.15503875968992
m 34 0
0 28 15
1 16 15
2 11 11
t 147 40.15503875968992
m 34 0
0 29 15
1 15 15
2 10 11
t 146 40.15503875968992
m 34 0
0 30 15
1 16 15
2 11 11
t 145 40.15503875968992
m 34 0
0 29 15
1 15 15
2 11 12
t 144 40.15503875968992
m 34 0
0 28 15
1 16 15
2 11 11
t 143 40.15503875968992
m 34 0
0 27 15
1 16 14
2 11 12
t 142 40.15503875968992
m 34 0
0 28 15
1 16 13
2 11 13
t 141 40.15503875968992
m 34 0
0 29 15
1 15 13
2 12 13
t 140 40.15503875968992
m 34 0
0 28 15
1 14 13
2 13 13
t 139 40.15503875968992
m 34 0
0 29 15
1 15 13
2 13 12
t 138 40.15503875968992
m 34 0
0 28 15
1 16 13
2 13 13
t 137 40.15503875968992
m 34 0
0 29 15
1 15 13
2 13 12
t 136 40.15503875968992
m 34 0
0 30 15
1 14 13
2 13 11
t 135 40.15503875968992
m 34 0
0 31 15
1 13 13
2 13 12
t 134 40.15503875968992
m 34 0
0 30 15
1 14 13
2 13 11
t 133 40.15503875968992
m 34 0
0 29 15
1 15 13
2 13 12
t 132 40.15503875968992
m 34 0
0 30 15
1 16 13
2 13 13
t 131 40.15503875968992
m 34 0
0 29 15
1 15 13
2 14 13
t 130 40.15503875968992
m 34 0
0 30 15
1 14 13
2 15 13
t 129 40.15503875968992
m 34 0
0 29 15
1 15 13
2 14 13
t 128 40.15503875968992
m 34 0
0 28 15
1 16 13
2 15 13
t 127 40.15503875968992
m 34 0
0 27 15
1 15 13
2 16 13
t 126 40.15503875968992
m 34 0
0 28 15
1 16 13
2 16 14
t 125 40.15503875968992
m 34 0
0 29 15
1 16 14
2 16 15
t 124 40.15503875968992
m 34 0
0 28 15
1 16 13
2 16 14
t 123 40.15503875968992
m 34 0
0 29 15
1 16 14
2 16 13
t 122 40.15503875968992
m 34 0
0 30 15
1 16 13
2 16 14
t 121 40.15503875968992
m 34 0
0 29 15
1 16 14
2 17 14
t 120 40.15503875968992
m 34 0
0 28 15
1 16 15
2 18 14
t 119 40.15503875968992
m 34 0
0 27 15
1 16 14
2 18 15
t 118 40.15503875968992
m 34 0
0 28 15
1 16 15
2 18 14
t 117 40.15503875968992
m 34 0
0 29 15
1 15 15
2 17 14
t 116 40.15503875968992
m 34 0
0 30 15
1 14 15
2 16 14
t 115 40.15503875968992
m 34 0
0 29 15
1 13 15
2 16 13
t 114 40.15503875968992
m 34 0
0 28 15
1 14 15
2 15 13
t 113 40.15503875968992
m 34 0
0 27 15
1 15 15
2 16 13
t 112 40.15503875968992
m 34 0
0 26 15
1 14 15
2 16 14
t 111 40.15503875968992
m 34 0
0 26 14
1 15 15
2 17 14
t 110 40.15503875968992
m 34 0
0 26 13
1 14 15
2 16 14
t 109 40.15503875968992
m 34 0
0 26 14
1 15 15
2 17 14
t 108 40.15503875968992
m 34 0
0 26 13
1 14 15
2 18 14
t 107 40.15503875968992
m 34 0
0 26 14
1 15 15
2 18 13
t 106 40.15503875968992
m 34 0
0 26 13
1 16 15
2 19 13
t 105 40.15503875968992
m 34 0
0 25 13
1 16 16
2 20 13
t 104 40.15503875968992
m 34 0
0 24 13
1 16 17
2 19 13
t 103 40.15503875968992
m 34 0
0 23 13
1 17 17
2 20 13
t 102 40.15503875968992
m 34 0
0 23 12
1 18 17
2 21 13
t 101 40.15503875968992
m 34 0
0 23 11
1 17 17
2 21 12
t 100 40.15503875968992
m 34 0
0 23 12
1 16 17
2 21 11
t 99 40.15503875968992
m 34 0
0 23 13
1 16 18
2 21 12
t 98 40.15503875968992
m 34 0
0 23 12
1 16 17
2 21 13
t 97 40.15503875968992
m 34 0
0 23 11
1 17 17
2 22 13
t 96 40.15503875968992
m 34 0
0 24 11
1 18 17
2 21 13
t 95 40.15503875968992
m 34 0
0 25 11
1 17 17
2 20 13
t 94 40.15503875968992
m 34 0
0 24 11
1 16 17
2 21 13
t 93 40.15503875968992
m 34 0
0 25 11
1 15 17
2 22 13
t 92 40.15503875968992
m 34 0
0 24 11
1 14 17
2 23 13
t 91 40.15503875968992
m 34 0
0 25 11
1 15 17
2 24 13
t 90 40.15503875968992
m 34 0
0 26 11
1 14 17
2 25 13
t 89 40.15503875968992
m 34 0
0 25 11
1 15 17
2 26 13
t 88 40.15503875968992
m 34 0
0 24 11
1 14 17
2 25 13
t 87 40.15503875968992
m 34 0
0 25 11
1 13 17
2 26 13
t 86 40.15503875968992
m 34 0
0 26 11
1 12 17
2 27 13
t 85 40.15503875968992
m 34 0
0 27 11
1 13 17
2 26 13
t 84 40.15503875968992
m 34 0
0 26 11
1 12 17
2 27 13
t 83 40.15503875968992
m 34 0
0 25 11
1 11 17
2 26 13
t 82 40.15503875968992
m 34 0
0 26 11
1 10 17
2 25 13
t 81 40.15503875968992
m 34 0
0 25 11
1 9 17
2 26 13
t 80 40.15503875968992
m 34 0
0 24 11
1 10 17
2 25 13
t 79 40.15503875968992
m 34 0
0 23 11
1 11 17
2 24 13
t 78 40.15503875968992
m 34 0
0 23 10
1 10 17
2 23 13
t 77 40.15503875968992
m 34 0
0 23 9
1 9 17
2 23 12
t 76 40.15503875968992
m 34 0
0 23 8
1 10 17
2 23 11
t 75 40.15503875968992
m 34 0
0 23 7
1 11 17
2 23 12
t 74 40.15503875968992
m 34 0
0 23 8
1 12 17
2 23 11
t 73 40.15503875968992
m 34 0
0 23 9
1 11 17
2 23 10
t 72 40.15503875968992
m 34 0
0 24 9
1 12 17
2 23 11
t 71 40.15503875968992
m 34 0
0 23 9
1 13 17
2 23 12
t 70 40.15503875968992
m 34 0
0 24 9
1 12 17
2 23 13
t 69 40.15503875968992
m 34 0
0 25 9
1 13 17
2 24 13
t 68 40.15503875968992
m 34 0
0 24 9
1 12 17
2 23 13
t 67 40.15503875968992
m 34 0
0 25 9
1 13 17
2 23 12
t 66 40.15503875968992
m 34 0
0 24 9
1 12 17
2 23 13
t 65 40.15503875968992
m 34 0
0 23 9
1 12 16
2 23 12
t 64 40.15503875968992
m 34 0
0 23 8
1 12 17
2 23 13
t 63 40.15503875968992
m 34 0
0 23 7
1 13 17
2 24 13
t 62 40.15503875968992
m 34 0
0 23 8
1 14 17
2 25 13
t 61 40.15503875968992
m 34 0
0 23 7
1 15 17
2 24 13
t 60 40.15503875968992
m 34 0
0 22 7
1 16 17
2 25 13
t 59 40.15503875968992
m 34 0
0 23 7
1 16 18
2 26 13
t 58 40.15503875968992
m 34 0
0 23 8
1 16 17
2 25 13
t 57 40.15503875968992
m 34 0
0 23 9
1 16 16
2 26 13
t 56 40.15503875968992
m 34 0
0 24 9
1 16 15
2 27 13
t 55 40.15503875968992
m 34 0
0 25 9
1 15 15
2 26 13
t 54 40.15503875968992
m 34 0
0 26 9
1 16 15
2 25 13
t 53 40.15503875968992
m 34 0
0 25 9
1 16 16
2 24 13
t 52 40.15503875968992
m 34 0
0 24 9
1 16 15
2 23 13
t 51 40.15503875968992
m 34 0
0 23 9
1 16 14
2 23 12
t 50 40.15503875968992
m 34 0
0 23 10
1 16 13
2 23 13
t 49 40.15503875968992
m 34 0
0 23 9
1 15 13
2 22 13
t 48 40.15503875968992
m 34 0
0 23 8
1 14 13
2 23 13
t 47 40.15503875968992
m 34 0
0 23 9
1 15 13
2 22 13
t 46 40.15503875968992
m 34 0
0 23 10
1 14 13
2 21 13
t 45 40.15503875968992
m 34 0
0 23 11
1 15 13
2 20 13
t 44 40.15503875968992
m 34 0
0 23 12
1 16 13
2 19 13
t 43 40.15503875968992
m 34 0
0 23 11
1 16 14
2 20 13
t 42 40.15503875968992
m 34 0
0 23 12
1 17 14
2 19 13
t 41 40.15503875968992
m 34 0
0 23 11
1 16 14
2 20 13
t 40 40.15503875968992
m 34 0
0 23 12
1 16 13
2 19 13
t 39 40.15503875968992
m 34 0
0 23 13
1 15 13
2 20 13
t 38 40.15503875968992
m 34 0
0 22 13
1 16 13
2 19 13
t 37 40.15503875968992
m 34 0
0 21 13
1 16 14
2 20 13
t 36 40.15503875968992
m 34 0
0 22 13
1 16 15
2 21 13
t 35 40.15503875968992
m 34 0
0 23 13
1 15 15
2 22 13
t 34 40.15503875968992
m 34 0
0 22 13
1 14 15
2 21 13
t 33 40.15503875968992
m 34 0
0 23 13
1 13 15
2 21 12
t 32 40.15503875968992
m 34 0
0 24 13
1 12 15
2 21 13
t 31 40.15503875968992
m 34 0
0 23 13
1 11 15
2 21 12
t 30 40.15503875968992
m 34 0
0 24 13
1 10 15
2 21 11
t 29 40.15503875968992
m 34 0
0 25 13
1 11 15
2 21 10
t 28 40.15503875968992
m 34 0
0 24 13
1 12 15
2 21 11
t 27 40.15503875968992
m 34 0
0 23 13
1 12 16
2 21 12
t 26 40.15503875968992
m 34 0
0 24 13
1 12 17
2 21 13
t 25 40.15503875968992
m 34 0
0 25 13
1 13 17
2 22 13
t 24 40.15503875968992
m 34 0
0 26 13
1 12 17
2 21 13
t 23 40.15503875968992
m 34 0
0 26 14
1 12 16
2 21 12
t 22 40.15503875968992
m 34 0
0 26 13
1 12 17
2 21 13
t 21 40.15503875968992
m 34 0
0 25 13
1 13 17
2 22 13
t 20 40.15503875968992
m 34 0
0 26 13
1 12 17
2 21 13
t 19 40.15503875968992
m 34 0
0 27 13
1 11 17
2 21 12
t 18 40.15503875968992
m 34 0
0 28 13
1 10 17
2 21 13
t 17 40.15503875968992
m 34 0
0 27 13
1 11 17
2 21 12
t 16 40.15503875968992
m 34 0
0 28 13
1 10 17
2 21 11
t 15 40.15503875968992
m 34 0
0 27 13
1 11 17
2 21 10
t 14 40.15503875968992
m 34 0
0 26 13
1 10 17
2 21 11
t 13 40.15503875968992
m 34 0
0 27 13
1 9 17
2 21 12
t 12 40.15503875968992
m 34 0
0 26 13
1 8 17
2 21 13
t 11 40.15503875968992
m 34 0
0 26 14
1 7 17
2 21 12
t 10 40.15503875968992
m 34 0
0 26 15
1 7 18
2 21 13
t 9 40.15503875968992
m 34 0
0 26 14
1 7 17
2 21 12
t 8 40.15503875968992
m 34 0
0 26 13
1 8 17
2 21 11
t 7 40.15503875968992
m 34 0
0 27 13
1 7 17
2 21 12
t 6 40.15503875968992
m 34 0
0 26 13
1 6 17
2 21 11
t 5 40.15503875968992
m 34 0
0 25 13
1 7 17
2 21 10
t 4 40.15503875968992
m 34 0
0 26 13
1 6 17
2 21 9
t 3 40.15503875968992
m 34 0
0 26 14
1 7 17
2 21 8
t 2 40.15503875968992
m 34 0
0 26 13
1 7 18
2 21 7
t 1 40.15503875968992
m 34 0
0 25 13
1 7 17
2 20 7
t 0 40.15503875968992
